0 157.881 104.412 117.93 140.864 208.5 234.987 69.201 82.797 121.707 132.837 316.039 131.574 195.048 216.699 214.254 67.3157 414.594 146.533 106.543 293.19 138.823 196.561 763.106 157.303 436.992 610.787 739.173 118.756 133.567 132.029 89.851 164.134 178.281 234.885 374.279 851.075 92.6628 271.782 203.07 160.878 171.228 120.545 36.0546 195.993 352.2 157.723 251.913 189.433 244.399 101.025 154.574 171.239 1112.73 28.1838 80.0311 127.418 582.122 823.304 146.532 236.04 132.934 107.946 666.238 53.8909 666.897 142.705 294.38 28.5392 621.765 151.4 30.8056 772.008 3336.03 269.542 83.2776 91.6305 414.675 331.446 41.2887 76.2756 162.811 161.845 487.665 309.054 115.148 253.61 479.793 200.67 475.04 760.13 261.058 119.602 3658.53 63.24 146.767 251.379 167.501 224.239 1005.56 
157.881 0 166.031 41.0229 23.4881 53.2688 78.4092 226.837 75.9778 244.609 25.1839 440.446 191.117 349.753 60.518 358.033 176.207 565.408 233.896 129.526 447.236 71.9534 322.203 916.802 264.898 585.29 739.425 892.774 274.001 79.5076 26.0815 102.789 18.9131 326.507 374.3 531.108 989.535 65.3374 378.576 53.8033 284.229 327.227 259.112 172.631 38.3178 490.826 237.713 95.9101 336.413 392.216 59.7245 284.487 266.045 1263.36 166.272 136.575 61.2672 737.917 978.43 11.7707 345.357 188.82 248.043 821.903 163.367 800.393 220.055 445.499 143.127 752.475 42.2305 170.924 928.226 3486.03 412.049 209.471 143.984 561.015 463.692 131.396 141.887 286.16 8.98413 640.766 451.116 57.6349 407.398 626.011 349.345 620.052 897.605 417.783 131.592 3794.83 193.267 219.84 406.803 20.356 360.43 1158.61 
104.412 166.031 0 141.804 142.635 217.362 239.178 134.667 111.862 91.0851 146.941 276.173 31.0392 221.147 223.029 208.227 46.3588 418.221 67.9227 39.2779 309.83 104.638 161.688 770.212 101.384 434.031 575.548 746.2 156.662 95.4683 145.879 64.9092 162.104 186.194 219.833 401.242 828.128 120.919 212.741 219.834 125.467 204.157 115.77 76.6981 196.266 333.04 73.3164 257.003 193.377 245.626 137.18 129.812 101.313 1110.62 82.4791 36.1173 107.359 598.56 834.988 156.79 179.5 36.4586 109.07 681.747 55.861 637.671 55.3159 301.527 79.6749 588.02 134.316 80.9807 788.69 3330.32 258.21 73.1377 25.5631 407.463 303.298 72.4956 43.9128 126.704 174.025 495.726 295.629 109.106 272.413 471.329 206.888 464.149 735.91 291.053 44.8053 3631.05 70.4424 56.5668 274.986 184.145 204.756 1009.87 
117.93 41.0229 141.804 0 32.0687 91.0456 117.393 186.952 38.6933 212.284 16.8352 410.529 169.655 311.063 99.1837 322.833 143.588 528.348 208.876 109.158 409.001 70.5612 290.801 879.098 236.852 549.496 709.809 855.052 235.111 74.498 16.3881 78.0723 52.4587 290.11 340.427 491.672 957.287 26.0908 352.419 86.715 253.198 288.243 224.318 135.559 78.9095 457.761 214.722 134.244 300.405 356.127 19.3217 251.524 240.276 1227.06 128.751 109.142 53.8082 699.297 940.106 30.5913 318.353 167.624 212.485 783.167 129.648 769.47 196.764 408.522 105.7 721.954 55.2657 133.249 889.378 3449.88 377.392 175.967 119.042 525.509 432.283 95.1616 113.626 255.104 44.1095 603.273 416.754 40.0151 369.05 590.662 312.863 585.171 865.576 378.497 114.877 3763.79 158.365 197.123 368.134 50.0326 326.788 1121.07 
140.864 23.4881 142.635 32.0687 0 75.5833 99.583 209.169 58.8842 222.272 17.2535 417.389 167.798 330.308 82.1792 336.388 154.068 544.573 210.504 106.274 427.272 50.9863 299.518 896.252 241.65 563.814 716.249 872.233 254.899 57.5991 17.1805 79.613 24.7039 305.581 352.163 512.262 966.798 49.9699 355.24 77.2437 261.438 308.122 237.486 152.543 57.5141 468.414 214.23 117.415 315.268 370.973 49.9679 262.249 242.846 1241.98 146.738 113.526 38.7443 718.171 958.341 16.0148 321.985 165.835 226.761 802.194 141.823 777.415 196.575 424.697 123.692 729.418 26.3356 151.253 908.628 3464.46 390.13 187.622 120.631 539.367 440.907 111.192 119.243 263.354 31.8659 620.176 429.06 34.9938 387.595 604.265 328.368 598.109 874.82 398.872 108.635 3771.78 171.976 196.542 387.268 42.8276 338.321 1137.9 
208.5 53.2688 217.362 91.0456 75.5833 0 26.7931 277.667 127.395 297.732 77.3891 492.808 241.144 401.929 8.89533 411.053 229.212 618.381 284.996 180.131 499.668 117.474 375.09 969.362 316.674 638.004 791.004 945.394 325.925 126.004 78.4127 154.931 55.9714 379.062 427.15 582.603 1041.84 116.755 429.647 16.9099 336.706 379.009 312.025 225.216 25.4981 543.366 287.795 43.6159 389.024 445.022 107.881 337.658 317.337 1316.02 218.32 188.87 110.844 789.869 1030.69 64.0623 396.749 238.733 301.174 874.021 216.023 852.364 270.427 498.136 195.288 804.833 85.6744 223.362 980.079 3539.14 465.141 262.077 195.569 614.187 515.865 184.137 193.663 338.741 47.3995 693.27 504.169 110.119 459.828 679.175 402.063 673.135 949.905 469.336 180.654 3846.75 246 270.139 458.834 41.931 413.647 1211.39 
234.987 78.4092 239.178 117.393 99.583 26.7931 0 304.151 153.456 321.582 103.159 515.223 261.608 427.985 18.3081 435.862 253.559 643.766 306.308 201.422 525.568 136.77 398.37 995.064 339.016 662.979 813.054 971.088 352.08 145.599 104.131 178.147 78.0599 404.41 451.454 608.958 1065.05 142.944 450.558 38.1192 360.104 405.218 336.844 250.88 43.8244 567.238 308.375 18.4029 414.223 470.181 134.539 361.624 338.599 1341.12 244.184 212.131 132.403 815.972 1056.65 89.5359 418.226 259.029 326.193 900.12 240.839 875.012 291.293 523.618 221.138 827.179 105.552 249.183 1006.26 3564.02 489.666 286.648 218.029 638.941 539.061 209.657 217.213 362.118 73.404 718.923 528.547 133.632 485.739 703.844 427.4 697.63 973.034 495.652 200.786 3869.04 271.034 290.67 484.933 68.4312 437.72 1236.97 
69.201 226.837 134.667 186.952 209.169 277.667 304.151 0 151.622 97.6832 201.75 267.946 151.794 127.46 285.87 156.252 88.822 348.209 144.796 153.593 225.515 200.798 155.04 695.118 138.192 372.558 556.001 671.172 52.4157 194.28 200.904 148.56 232.596 118.467 179.896 305.151 790.278 161.563 237.636 272.018 127.535 103.045 79.8856 64.4319 264.81 294.665 158.255 321.035 130.284 182.254 170.054 114.98 157.755 1046.05 67.2649 126.486 191.724 513.483 754.746 215.522 203.423 154.359 68.2937 597.415 87.792 609.248 149.091 229.029 87.7052 565.197 217.5 62.7932 703.129 3268.9 210.524 76.2476 133.476 350.932 278.626 101.296 121.16 128.906 230.933 420.329 249.502 181.198 186.184 415.777 139.085 411.851 700.042 192.086 165.692 3597.02 67.5746 154.105 183.186 236.536 171.497 937.577 
82.797 75.9778 111.862 38.6933 58.8842 127.395 153.456 151.622 0 177.247 51.5269 375.37 141.737 275.076 135.242 285.613 107.44 491.925 177.105 85.7026 372.619 72.4284 255.632 842.11 201.852 511.763 673.078 818.206 198.94 71.2264 50.7865 51.2806 81.4828 252.338 303.022 455.953 919.782 15.0343 319.376 124.06 216.655 251.933 186.914 98.3915 114.078 420.145 183.392 170.895 262.59 318.61 27.2427 216.067 208.796 1189.4 91.0008 76.7971 56.7865 662.546 903.356 64.3858 284.25 141.541 175.934 746.917 92.1301 732.289 165.591 371.12 68.0499 686.13 73.6602 96.3953 852.849 3412.96 340.381 138.322 88.2446 488.751 394.99 58.2076 78.8495 218.799 80.6332 566.019 379.681 41.4676 333.074 553.824 275.352 548.068 828.17 342.461 94.7959 3726.59 120.685 167.876 331.62 87.7609 291.098 1084.4 
121.707 244.609 91.0851 212.284 222.272 297.732 321.582 97.6832 177.247 0 221.998 199.381 86.5688 135.501 304.419 120.096 71.1652 327.968 57.2266 126.643 220.105 191.652 78.7479 681.027 50.9704 347.332 501.434 656.767 87.3044 183.083 220.913 144.6 244.442 102.437 134.937 312.267 748.363 187.281 150.696 297.192 52.3528 123.637 39.9874 87.7792 278.404 251.233 72.9932 339.283 108.848 157.887 201.735 40.1162 60.4212 1024.08 99.1445 111.61 190.778 509.114 745.383 234.294 116.906 89.9626 34.0889 591.474 89.1256 560.624 70.787 213.11 115.659 510.067 218.888 91.9368 698.948 3243.63 170.511 52.6832 108.497 319.1 225.787 120.204 111.242 51.0677 251.476 406.827 208.966 188.019 182.993 383.628 120.127 377.553 656.447 204.66 133.235 3553.57 65.3348 72.3981 187.571 260.139 116.274 920.609 
132.837 25.1839 146.941 16.8352 17.2535 77.3891 103.159 201.75 51.5269 221.998 0 419.113 173.518 324.858 85.0905 334.388 153.397 541.054 214.679 112.024 422.492 63.778 300.093 892.294 244.355 561.526 718.443 868.245 249.066 69.4183 1.25349 82.9137 36.1103 302.468 351.24 506.062 967.349 40.2054 359.013 75.2345 262.345 302.298 235.594 148.187 63.1937 468.201 219.562 120.405 312.523 368.269 35.9649 261.653 246.509 1239.43 141.792 115.844 48.8024 713.136 953.722 14.7151 325.374 171.336 224.15 797.04 140.193 778.804 201.694 421.237 118.614 730.96 42.372 146.281 903.373 3462.1 388.629 186.486 124.471 537.264 441.812 107.128 121.015 264.242 30.0308 616.343 427.838 39.2842 382.598 602.337 325.243 596.589 875.505 392.786 116.002 3773.25 169.672 201.713 381.961 38.2608 337.363 1134.13 
316.039 440.446 276.173 410.529 417.389 492.808 515.223 267.946 375.37 199.381 419.113 0 256.43 181.351 498.822 121.026 267.987 192.212 210.245 314.286 162.893 380.128 120.86 520.996 178.516 195.513 306.772 497.425 222.018 371.087 418.03 338.226 437.886 161.91 99.5118 236.294 556.917 385.917 78.2341 493.896 161.476 198.363 197.072 284.094 472.076 94.572 211.712 533.004 151.423 122.213 400.607 162.578 179.409 847.454 294.127 304.633 383.033 373.89 590.251 430.516 101.486 260.613 208.437 448.963 284.774 367.559 226.888 137.43 313.098 312.169 410.247 288.13 553.225 3059.23 86.1555 240.884 297.891 161.375 69.6648 318.705 302.769 158.178 447.889 266.469 80.2549 383.13 161.864 215.114 146.614 205.677 464.746 192.626 316.71 3357.36 258.795 228.165 173.621 457.218 99.4961 752.193 
131.574 191.117 31.0392 169.655 167.798 241.144 261.608 151.794 141.737 86.5688 173.518 256.43 0 221.76 246.245 200.767 68.1497 408.001 46.8252 61.7448 305.121 125.008 147.023 759.324 87.3488 422.93 555.75 735.26 164.768 116.068 172.436 93.2408 186.025 184.707 209.698 397.988 810.258 149.919 189.002 244.717 115.816 207.902 117.324 100.746 218.829 319.266 50.5751 279.122 190.351 239.026 166.348 121.146 78.3106 1097.01 108.445 67.0049 130.614 591.06 825.115 182.665 158.125 16.0561 112.561 673.212 82.3547 618.991 34.4756 294.964 108.776 567.35 156.233 105.378 780.358 3314.14 247.197 85.2493 55.6682 394.603 287.895 102.473 74.0367 116.214 199.429 486.705 283.189 134.686 269.016 457.589 203.362 450.071 717.946 290.803 61.2806 3610.65 88.6775 29.1918 273.396 209.781 192.419 997.386 
195.048 349.753 221.147 311.063 330.308 401.929 427.985 127.46 275.076 135.501 324.858 181.351 221.76 0 409.837 68.6833 185.126 221.091 188.282 252.752 98.5145 312.182 116.777 569.098 158.366 250.227 446.139 544.851 76.4589 304.43 323.911 260.23 353.861 56.4945 94.9219 182.815 670.238 285.187 189.057 397.281 127.664 27.6505 109.187 178.346 386.958 187.208 200.267 445.148 59.6923 72.9705 295.326 108.771 176.487 920.713 185.393 230.463 306.7 389.264 629.472 338.585 167.942 224.833 112.136 472.234 194.256 494.417 202.744 107.12 207.788 450.18 334.271 179.329 579.094 3141.92 103.861 156.046 231.911 226.911 183.444 219.431 225.886 126.366 354.668 294.943 137.63 299.085 58.7404 291.117 49.1278 288.774 581.087 71.2642 261.902 3474.49 164.195 206.55 58.8259 361.022 92.7407 810.858 
216.699 60.518 223.029 99.1837 82.1792 8.89533 18.3081 285.87 135.242 304.419 85.0905 498.822 246.245 409.837 0 418.196 236.09 625.886 290.471 185.568 507.465 121.932 381.506 977.019 322.585 645.228 796.819 953.053 333.882 130.59 86.0875 161.197 61.4056 386.484 434.019 590.716 1048.19 124.745 434.996 23.9642 343.116 386.996 319.157 232.832 28.7181 550.018 292.923 35.8974 396.361 452.348 116.277 344.408 322.841 1323.32 226.045 195.177 116.328 797.774 1038.51 71.5012 402.31 243.815 308.446 881.948 223.126 858.45 275.676 505.648 203.006 810.826 90.302 231.083 988.044 3546.36 472.145 269.056 201.493 621.333 522.187 191.662 200.09 345.148 55.2559 700.887 511.096 116.567 467.652 686.274 409.487 680.131 956.217 477.405 185.592 3852.7 253.234 275.292 466.744 50.4224 420.465 1219 
214.254 358.033 208.227 322.833 336.388 411.053 435.862 156.252 285.613 120.096 334.388 121.026 200.767 68.6833 418.196 0 182.632 212.058 158.461 245.207 109.075 309.478 67.8149 562.534 120.861 228.332 400.41 538.638 106.636 300.7 333.392 259.477 358.632 42.8141 28.0888 202.348 637.709 296.883 126.452 409.183 89.0398 79.2738 99.199 187.918 393.605 140.451 166.051 453.726 32.8235 38.6813 309.42 82.8706 140.192 906.071 196.332 226.303 307.662 390.783 626.924 347.036 106.344 206.046 110.929 474.285 195.48 454.376 174.135 94.2112 218.307 409.518 335.715 190.924 580.714 3128.31 55.4896 150.293 223.838 203.879 125.791 227.727 221.573 87.251 364.245 287.52 94.8384 303.402 82.1474 268.596 26.3878 262.457 546.668 107.704 252.067 3444.76 165.45 179.469 86.2283 372.273 40.6916 803.421 
67.3157 176.207 46.3588 143.588 154.068 229.212 253.559 88.822 107.44 71.1652 153.397 267.987 68.1497 185.126 236.09 182.632 0 392.444 80.2501 70.5562 278.23 128.931 148.582 744.177 97.0576 410.313 566.591 720.205 115.221 120.553 152.382 77.1292 176.148 154.226 198.229 367.183 814.159 118.579 214.466 228.502 109.885 165.419 84.1943 33.493 211.158 315.126 90.63 271.478 163.128 218.016 133.053 110.046 108.653 1088.43 41.6414 45.4153 125.56 568.662 807.425 165.452 178.69 72.8241 75.094 652.652 20.1195 626.082 75.3914 272.734 49.814 578.774 153.462 38.79 759.257 3310.64 236.12 36.5649 47.6984 385.681 289.123 51.7626 43.2282 111.659 182.892 468.318 275.01 121.068 239.791 450.439 176.377 444.072 722.325 254.863 81.5324 3620.3 25.569 80.6935 240.426 191.628 185.704 985.436 
414.594 565.408 418.221 528.348 544.573 618.381 643.766 348.209 491.925 327.968 541.054 192.212 408.001 221.091 625.886 212.058 392.444 0 363.943 454.597 124.461 519.074 262.204 354.572 327.701 69.8287 274.948 329.728 296.285 510.605 540.047 469.452 567.653 243.504 204.866 95.4657 462.125 502.331 265.254 615.043 298.383 246.212 309.527 393.61 601.523 132.213 370.64 661.244 234.459 178.292 513.706 288.786 337.653 703.766 401.654 436.834 516.682 189.639 418.657 554.423 276.184 411.332 318.034 266.297 404.923 304.687 381.265 126.476 424.079 263.812 544.835 395.564 374.429 2922.09 163.444 361.055 434.79 45.3334 169.224 434.457 432.751 295.972 571.078 90.0249 132.611 511.589 162.901 80.9573 219.368 88.0511 377.019 166.876 460.962 3257.84 374.42 383.755 168.637 578.237 215.963 593.696 
146.533 233.896 67.9227 208.876 210.504 284.996 306.308 144.796 177.105 57.2266 214.679 210.245 46.8252 188.282 290.471 158.461 80.2501 363.943 0 105.409 264.936 170.395 102.209 713.991 43.2314 377.251 509.682 690.039 142.663 161.266 213.604 132.548 229.632 147.673 165.065 358.531 763.589 186.783 144.881 287.695 73.2119 177.647 87.9886 111.038 263.454 272.764 18.7549 324.033 151.54 196.724 202.8 82.1611 36.1975 1050.49 120.67 101.039 174.622 547.414 780.235 224.703 112.236 54.5846 88.5259 629.411 98.3373 572.528 19.9552 252.394 129.548 521.454 201.078 116.291 736.233 3267.72 202.378 76.5089 91.6883 349.07 241.255 128.362 102.915 72.9294 241.908 442.192 237.512 176.836 230.868 411.658 164.181 403.807 671.284 254.594 107.114 3564.72 89.241 22.4972 235.863 251.983 148.736 951.753 
106.543 129.526 39.2779 109.158 106.274 180.131 201.422 153.593 85.7026 126.643 112.024 314.286 61.7448 252.752 185.568 245.207 70.5562 454.597 105.409 0 344.282 66.1824 199.395 807.357 140.628 472.08 614.418 783.216 184.203 57.435 110.937 36.107 125.36 221.373 258.034 434.567 867.193 91.8344 249.627 183.155 164.293 234.568 150.484 90.3586 158.254 372.009 109.868 219.021 229.296 282.34 108.211 166.223 137.288 1148.99 92.6928 32.1392 69.3763 634.541 871.674 121.112 217.601 60.2078 141.388 717.55 71.0717 676.714 92.2372 337.89 79.7887 626.188 96.0395 92.693 824.774 3368.41 295.93 104.403 28.5541 445.012 342.515 66.748 47.2682 165.471 137.78 532.622 333.724 73.0057 305.837 509.129 242.507 502.332 774.962 323.29 13.2096 3669.78 95.6015 90.3251 308.316 148.065 241.669 1047.08 
293.19 447.236 309.83 409.001 427.272 499.668 525.568 225.515 372.619 220.105 422.492 162.893 305.121 98.5145 507.465 109.075 278.23 124.461 264.936 344.282 0 406.31 170.46 470.707 229.381 158.441 369.04 446.417 174.439 398.16 421.534 354.84 450.588 129.181 115.13 93.8221 578.795 383.031 209.43 495.399 197.355 122.782 196.481 275.022 484.21 130.079 274.072 542.886 122.804 75.9565 393.469 184.476 244.946 822.623 282.229 323.528 402.092 292.31 531.608 436.058 203.805 308.69 203.545 375.038 288.71 410.293 281.135 39.3597 304.883 369.296 429.97 276.466 482.225 3043.51 86.2682 246.939 323.32 137.052 147.389 316.265 318.702 195.531 452.389 197.089 89.4184 395.441 41.3004 198.161 106.513 197.817 491.395 46.2666 352.272 3379.62 258.127 284.869 44.5828 459.009 126.077 712.449 
138.823 71.9534 104.638 70.5612 50.9863 117.474 136.77 200.798 72.4284 191.652 63.778 380.128 125.008 312.182 121.932 309.478 128.931 519.074 170.395 66.1824 406.31 0 265.527 871.797 205.54 536.77 679.009 847.693 239.806 9.72731 62.9617 54.2656 63.9674 283.011 322.904 494.909 932.526 70.2135 314.008 123.094 229.194 292.144 212.544 138.091 94.2829 437.146 172.672 154.156 291.598 345.922 81.2307 231.574 202.347 1214.24 135.648 84.5105 17.3839 697.315 935.549 66.9523 282.47 122.562 202.857 780.743 121.851 741.718 155.654 401.113 114.979 691.779 31.8993 138.481 887.785 3434.41 361.152 163.503 86.9422 510.517 407.483 100.186 94.034 230.729 80.8776 596.45 399.204 33.8032 367.23 574.811 304.993 568.05 840.303 382.378 64.1415 3734.68 151.298 154.016 368.677 91.8651 307.36 1112.09 
196.561 322.203 161.688 290.801 299.518 375.09 398.37 155.04 255.632 78.7479 300.093 120.86 147.023 116.777 381.506 67.8149 148.582 262.204 102.209 199.395 170.46 265.527 0 612.915 71.1103 278.56 424.262 588.715 117.972 256.674 299.006 220.87 321.01 82.2091 72.0074 263.941 671.701 265.906 84.3509 375.196 51.2437 120.038 81.7006 164.121 355.098 178.761 109.99 416.116 79.4199 104.334 280.397 42.3911 76.3557 951.729 174.703 187.317 266.534 447.411 679.04 312.046 57.2542 150.903 90.1973 528.154 165.76 483.63 120.374 156.652 193.108 431.436 294.341 168.1 635.402 3169.12 102.701 123.222 182.1 247.733 152.613 198.543 186.017 45.9148 329.32 342.133 137.705 265.146 141.295 310.937 84.7507 304.118 579.668 170.796 203.686 3475.7 139.804 121.691 150.191 338.251 47.4183 850.437 
763.106 916.802 770.212 879.098 896.252 969.362 995.064 695.118 842.11 681.027 892.294 520.996 759.324 569.098 977.019 562.534 744.177 354.572 713.991 807.357 470.707 871.797 612.915 0 675.866 339.785 336.491 26.5832 644.637 863.128 891.342 821.284 919.022 591.526 551.743 395.973 255.972 853.055 599.225 965.525 647.151 592.129 660.252 744.199 953.526 449.493 718.509 1012.64 582.322 526.544 863.596 641.769 687.274 358.911 751.195 788.538 869.352 187.045 71.9153 905.558 616.533 763.565 670.25 113.553 755.498 284.79 730.561 471.896 774.116 314.059 897.42 746.048 72.7533 2575.65 512.389 711.142 786.356 365.989 487.226 785.428 783.098 645.319 922.205 276.521 476.611 863.966 511.417 306.263 568.323 315.626 240.552 504.401 813.701 2936.18 724.917 734.297 511.952 929.129 568.299 244.703 
157.303 264.898 101.384 236.852 241.65 316.674 339.016 138.192 201.852 50.9704 244.355 178.516 87.3488 158.366 322.585 120.861 97.0576 327.701 43.2314 140.628 229.381 205.54 71.1103 675.866 0 337.719 474.796 652.243 123.37 196.149 243.337 162.113 261.26 111.703 125.215 322.814 727.02 213.141 121.476 318.429 32.9755 149.08 64.6728 121.605 296.575 233.207 46.108 357.074 113.973 158.064 228.269 57.1837 43.9071 1012.09 130.712 128.548 208.103 508.87 742.063 254.882 83.6265 96.5191 74.6328 591.994 113.455 536.534 55.6036 213.757 145.498 489.066 235.09 126.966 697.909 3231.79 164.598 75.6273 121.15 312.448 202.208 148.624 125.711 33.9345 272.506 403.345 199.57 208.414 197.621 375.019 127.417 366.56 634.823 220.608 144.517 3530.39 94.4401 65.6993 200.99 282.297 116.256 914.706 
436.992 585.29 434.031 549.496 563.814 638.004 662.979 372.558 511.763 347.332 561.526 195.513 422.93 250.227 645.228 228.332 410.313 69.8287 377.251 472.08 158.441 536.77 278.56 339.785 337.719 0 226.533 317.23 321.054 527.769 560.57 486.842 585.702 259.576 214.216 138.152 422.357 523.457 270.95 635.793 309.356 272.052 326.406 414.021 621.203 112.863 380.724 680.944 249.176 193.539 535.166 308.341 352.654 678.198 421.285 453.475 535.467 184.754 406.767 574.099 281.805 428.565 338.721 265.383 422.142 257.662 392.9 143.839 444.009 233.681 563.402 416.673 365.925 2902.93 177.383 376.534 450.347 56.0716 152.477 454.527 447.599 307.888 591.313 77.6886 140.983 531.294 196.801 66.1443 236.886 57.8302 335.291 198.61 478.132 3225.89 392.037 398.288 197.036 599.156 236.68 580.38 
610.787 739.425 575.548 709.809 716.249 791.004 813.054 556.001 673.078 501.434 718.443 306.772 555.75 446.139 796.819 400.41 566.591 274.948 509.682 614.418 369.04 679.009 424.262 336.491 474.796 226.533 0 322.859 506.232 669.579 717.445 636.703 735.414 437.99 376.808 362.313 262.241 685.015 372.039 792.701 456.72 466.633 490.703 580.771 771.059 262.178 507.047 831.189 426.105 377.254 699.098 464.152 481.723 584.338 589.12 602.972 682.697 301.355 405.625 729.177 398.045 561.976 505.276 335.058 581.141 70.3771 523.583 345.43 609.623 81.4329 709.306 584.836 397.201 2779.12 347.885 535.48 595.813 240.844 279.545 616.898 598.375 455.05 746.893 253.123 309.995 683.157 399.964 199.248 418.198 187.601 172.517 411.939 616.585 3056.02 554.406 527.991 404.156 756.522 395.412 524.437 
739.173 892.774 746.2 855.052 872.233 945.394 971.088 671.172 818.206 656.767 868.245 497.425 735.26 544.851 953.053 538.638 720.205 329.728 690.039 783.216 446.417 847.693 588.715 26.5832 652.243 317.23 322.859 0 620.583 839.07 867.284 797.33 895.107 567.899 528.185 372.003 263.566 829.016 575.628 941.526 623.518 568.168 636.403 720.224 929.44 427.034 694.824 988.617 558.739 502.838 839.608 617.472 663.096 383.667 727.354 764.617 845.226 165.059 93.8068 881.571 593.015 739.275 646.104 91.8129 731.687 274.867 706.782 448.219 750.217 297.962 873.318 722.041 80.7915 2599.05 488.473 687.431 762.469 341.776 464.937 761.436 759.409 621.587 898.181 253.289 452.868 839.837 486.964 282.413 544.558 292.504 239.248 480.48 789.531 2959.03 701.089 710.211 487.992 905.081 543.874 267.091 
118.756 274.001 156.662 235.111 254.899 325.925 352.08 52.4157 198.94 87.3044 249.066 222.018 164.768 76.4589 333.882 106.636 115.221 296.285 142.663 184.203 174.439 239.806 117.972 644.637 123.37 321.054 506.232 620.583 0 232.385 248.149 187.127 278.369 70.3702 132.022 257.394 738.813 209.243 201.987 321.228 101.915 53.4055 59.3943 103.281 311.496 244.738 156.129 369.262 82.08 130.935 219.188 84.7592 144.446 995.055 109.586 159.434 233.101 464.334 705.082 262.734 170.599 168.018 54.2631 548.101 121.405 558.548 152.6 177.419 131.91 514.107 260.208 103.839 654.375 3217.53 159.571 89.8652 162.907 298.547 231.043 144.139 154.401 102.276 278.774 369.532 198.207 224.573 135.014 363.425 88.4715 359.626 648.667 144.014 194.745 3545.23 92.8481 157.517 133.079 285.081 124.617 886.847 
133.567 79.5076 95.4683 74.498 57.5991 126.004 145.599 194.28 71.2264 183.083 69.4183 371.087 116.068 304.43 130.59 300.7 120.553 510.605 161.266 57.435 398.16 9.72731 256.674 863.128 196.149 527.769 669.579 839.07 232.385 0 68.561 46.6976 71.621 274.415 313.839 487.053 923.142 70.9134 305.049 131.383 219.941 284.469 203.9 130.999 103.228 427.852 163.348 163.13 282.887 337.182 83.2125 222.953 193.565 1205.19 128.815 75.8093 21.4339 688.896 927.008 73.5959 273.267 114.204 194.628 772.437 113.82 732.294 146.32 392.484 108.783 682.688 40.7507 131.687 879.386 3425.5 352.273 154.809 77.7111 501.742 398.067 94.0442 85.2943 221.532 88.4096 587.78 390.237 35.9473 359.273 565.97 296.408 559.08 830.925 374.588 55.6158 3725.32 143.121 145.16 360.654 99.4775 298.717 1103.45 
132.029 26.0815 145.879 16.3881 17.1805 78.4127 104.131 200.904 50.7865 220.913 1.25349 418.03 172.436 323.911 86.0875 333.392 152.382 540.047 213.604 110.937 421.534 62.9617 299.006 891.342 243.337 560.57 717.445 867.284 248.149 68.561 0 81.9154 36.7565 301.536 350.249 505.155 966.362 39.3825 357.917 76.3009 261.34 301.394 234.615 147.246 63.9838 467.226 218.533 121.371 311.585 367.306 35.5378 260.574 245.389 1238.48 140.916 114.835 47.8627 712.225 952.787 15.7078 324.312 170.205 223.132 796.1 139.255 777.813 200.659 420.289 117.73 729.888 41.9621 145.346 902.462 3461.08 387.613 185.541 123.466 536.239 440.834 106.176 120.109 263.221 31.0619 615.403 426.822 38.1887 381.628 601.313 324.29 595.575 874.513 391.888 114.928 3772.25 168.725 200.615 381.041 39.3032 336.285 1133.15 
89.851 102.789 64.9092 78.0723 79.613 154.931 178.147 148.56 51.2806 144.6 82.9137 338.226 93.2408 260.23 161.197 259.477 77.1292 469.452 132.548 36.107 354.84 54.2656 220.87 821.284 162.113 486.842 636.703 797.33 187.127 46.6976 81.9154 0 100.328 230.82 273.967 442.767 887.42 59.3908 277.147 156.357 182.099 239.34 161.119 84.9986 135.634 389.572 137.081 196.174 239.792 294.984 75.3515 184.573 165.603 1164.93 82.4238 34.0119 49.6137 645.46 884.491 92.8602 243.033 93.8714 151.835 729.549 67.9078 697.867 119.211 349.742 63.3119 650.083 76.8809 85.8878 836.096 3386.99 312.451 111.122 41.5653 462.202 361.558 49.0961 42.1436 184.008 110.429 545.357 351.001 47.1611 315.96 526.803 253.322 520.158 795.393 329.794 45.6194 3692.18 97.9015 120.96 316.298 120.407 260.745 1062.51 
164.134 18.9131 162.104 52.4587 24.7039 55.9714 78.0599 232.596 81.4828 244.442 36.1103 437.886 186.025 353.861 61.4056 358.632 176.148 567.653 229.632 125.36 450.588 63.9674 321.01 919.022 261.26 585.702 735.414 895.107 278.369 71.621 36.7565 100.328 0 327.863 373.694 535.758 987.008 73.2816 374.36 61.6319 282.091 331.453 259.645 175.712 37.6693 489.236 232.042 96.2861 337.4 393.282 70.6366 284.474 262.523 1263.89 169.569 134.239 56.9924 741.124 981.294 23.1647 341.22 184.506 249.661 825.479 163.772 797.102 214.725 447.244 146.709 749.753 33.7406 174.618 931.685 3486.78 412.212 209.18 140.249 561.809 461.014 134.455 139.237 284.163 25.5217 642.795 450.938 57.8752 411.133 626.573 350.838 620.078 895.003 422.244 126.205 3791.3 194.215 215.1 410.498 36.002 360.645 1160.82 
178.281 326.507 186.194 290.11 305.581 379.062 404.41 118.467 252.338 102.437 302.468 161.91 184.707 56.4945 386.484 42.8141 154.226 243.504 147.673 221.373 129.181 283.011 82.2091 591.526 111.703 259.576 437.99 567.899 70.3702 274.415 301.536 230.82 327.863 0 64.8596 219.105 673.269 264.068 155.573 376.389 79.3243 50.7794 70.8905 154.713 363.067 176.354 156.302 422.249 11.9353 67.0599 275.618 74.9745 138.689 937.077 161.713 198.772 279.58 415.339 654.364 315.199 127.112 190.884 83.3662 500.479 164.203 491.101 160.639 119.687 184.498 449.746 307.334 157.362 606.072 3161.33 95.7703 120.299 198.064 239.612 161.878 195.421 192.369 79.5495 332.249 315.127 133.794 273.87 96.3965 304.112 24.3475 298.188 582.683 111.72 229.827 3480.66 133.733 168.314 93.4153 339.852 75.2034 834.001 
234.885 374.3 219.833 340.427 352.163 427.15 451.454 179.896 303.022 134.937 351.24 99.5118 209.698 94.9219 434.019 28.0888 198.229 204.866 165.065 258.034 115.13 322.904 72.0074 551.743 125.215 214.216 376.808 528.185 132.022 313.839 350.249 273.967 373.694 64.8596 0 205.894 617.514 314.693 111.26 426.152 95.451 105.722 116.36 206.745 409.196 118.273 169.96 469.49 53.45 41.5995 327.706 97.4223 144.896 891.392 215.062 240.252 322.297 383.789 617.372 363.387 94.6106 215.962 130.441 467.315 211.523 432.245 180.382 91.4921 236.624 388.728 350.181 210.26 572.799 3113.71 42.6904 165.432 236.521 191.293 99.5635 245.441 235.164 93.935 380.844 278.218 78.4687 319.116 97.1089 254.758 50.4256 246.964 526.096 122.332 264.038 3424.67 182.355 186.633 100.581 389.337 45.9659 791.983 
374.279 531.108 401.242 491.672 512.262 582.603 608.958 305.151 455.953 312.267 506.062 236.294 397.988 182.815 590.716 202.348 367.183 95.4657 358.531 434.567 93.8221 494.909 263.941 395.973 322.814 138.152 362.313 372.003 257.394 487.053 505.155 442.767 535.758 219.105 205.894 0 536.514 466.046 295.369 577.019 290.515 204.413 287.037 360.399 568.666 178.641 367.73 625.904 213.499 167.05 475.098 277.687 338.62 752.657 366.584 412.583 489.474 211.923 452.045 519.86 294.165 401.327 293.306 293.409 376.112 388.619 374.527 116.323 389.178 356.9 516.974 361.2 399.176 2970.26 173.01 336.122 413.366 133.529 210.204 401.475 407.241 288.934 535.601 136.578 160.122 481.613 129.584 171.305 197.888 177.473 455.238 113.714 443.144 3322.4 345.85 378.356 127.143 541.399 218.61 637.118 
851.075 989.535 828.128 957.287 966.798 1041.84 1065.05 790.278 919.782 748.363 967.349 556.917 810.258 670.238 1048.19 637.709 814.159 462.125 763.589 867.193 578.795 932.526 671.701 255.972 727.02 422.357 262.241 263.566 738.813 923.142 966.362 887.42 987.008 673.269 617.514 536.514 0 931.768 627.842 1042.1 705.436 692.453 733.805 824.17 1022.91 499.748 762.536 1083.25 661.868 608.123 944.928 709.428 735.292 337.365 832.076 853.436 934.722 370.204 291.091 978.847 652.977 816.082 747.52 340.089 827.805 193.646 778.313 564.252 853.847 260.361 961.987 827.633 324.02 2518.92 583.41 781.5 847.5 446.913 526.009 862.644 848.238 703.768 996.515 400.823 543.791 933.633 616.566 384.684 651.514 383.305 92.3224 620.217 870.437 2807.59 799.349 782.684 619 1005.53 636.486 319.807 
92.6628 65.3374 120.919 26.0908 49.9699 116.755 142.944 161.563 15.0343 187.281 40.2054 385.917 149.919 285.187 124.745 296.883 118.579 502.331 186.783 91.8344 383.031 70.2135 265.906 853.055 213.141 523.457 685.015 829.016 209.243 70.9134 39.3825 59.3908 73.2816 264.068 314.693 466.046 931.768 0 329.307 112.764 228.329 262.415 198.484 109.484 103.363 432.158 193.472 160.021 274.388 330.071 16.511 226.249 217.831 1200.99 102.776 87.1113 53.2357 673.405 914.152 54.2189 294.869 148.388 186.58 757.313 104.376 744.296 175.535 382.434 79.704 696.981 66.7469 107.159 863.548 3423.83 351.521 150.565 98.181 499.537 407.103 69.2798 91.1325 230.229 69.5662 577.209 390.916 36.7295 343.14 564.694 286.79 559.232 840.114 352.791 99.7511 3738.47 132.625 176.406 342.227 76.0836 301.29 1095.04 
271.782 378.576 212.741 352.419 355.24 429.647 450.558 237.636 319.376 150.696 359.013 78.2341 189.002 189.057 434.996 126.452 214.466 265.254 144.881 249.627 209.43 314.008 84.3509 599.225 121.476 270.95 372.039 575.628 201.987 305.049 357.917 277.147 374.36 155.573 111.26 295.369 627.842 329.307 0 432.344 117.371 197.804 160.621 236.98 407.681 163.588 144.042 468.111 148.535 148.994 344.944 123.345 113.284 924.048 247.472 244.779 319 449.697 668.412 369.393 39.7956 192.979 170.556 525.966 232.566 436.336 160.485 186.916 263.122 380.092 345.151 241.646 630.85 3133.19 125.838 193.287 236.188 238.016 129.491 265.839 244.719 113.685 386.545 341.938 141.628 321.283 193.527 293.267 151.111 283.855 535.685 225.852 250.095 3423.46 211.318 160.046 204.646 396.467 98.0124 829.944 
203.07 53.8033 219.834 86.715 77.2437 16.9099 38.1192 272.018 124.06 297.192 75.2345 493.896 244.717 397.281 23.9642 409.183 228.502 615.043 287.695 183.155 495.399 123.094 375.196 965.525 318.429 635.793 792.701 941.526 321.228 131.383 76.3009 156.357 61.6319 376.389 426.152 577.019 1042.1 112.764 432.344 0 337.139 374.15 310.369 222.108 36.1168 542.952 291.404 51.2644 386.629 442.573 102.09 336.866 319.707 1313.44 214.896 189.982 114.322 785.158 1026.23 63.5743 399.127 242.093 298.962 869.126 214.764 853.363 273.791 495.011 191.969 805.867 91.42 219.849 975.073 3536.57 463.624 261.068 197.645 612.075 516.392 181.519 194.549 339.145 46.0217 689.675 502.869 111.195 455.421 677.194 399.328 671.527 950.276 464.042 184.707 3847.91 244.204 273.476 454.212 37.1641 412.534 1207.64 
160.878 284.229 125.467 253.198 261.438 336.706 360.104 127.535 216.655 52.3528 262.345 161.476 115.816 127.664 343.116 89.0398 109.885 298.383 73.2119 164.293 197.355 229.194 51.2437 647.151 32.9755 309.356 456.72 623.518 101.915 219.941 261.34 182.099 282.091 79.3243 95.451 290.515 705.436 228.329 117.371 337.139 0 119.63 47.7578 127.178 317.704 208.007 78.8488 378.21 81.072 126.029 242.591 38.3633 66.1004 985.697 136.17 148.094 229.86 478.134 712.712 273.693 79.2437 123.831 63.0352 561.8 124.964 516.531 86.5479 182.016 154.598 470.494 257.425 131.958 667.686 3207.01 135.621 80.5601 142.908 285.116 179.897 160.581 143.78 6.06623 291.338 373.367 172.014 228.225 165.843 348.449 94.5753 340.431 613.443 188.13 169.844 3510.91 99.8038 95.4235 168.402 300.558 90.111 887.024 
171.228 327.227 204.157 288.243 308.122 379.009 405.218 103.045 251.933 123.637 302.298 198.363 207.902 27.6505 386.996 79.2738 165.419 246.212 177.647 234.568 122.782 292.144 120.038 592.129 149.08 272.052 466.633 568.168 53.4055 284.469 301.394 239.34 331.453 50.7794 105.722 204.413 692.453 262.415 197.804 374.15 119.63 0 93.1088 156.136 364.795 205.614 189.587 422.408 58.7131 89.9037 272.062 103.484 171.043 943.352 162.179 210.41 285.979 411.148 652.123 315.909 171.958 211.703 95.8222 495.154 172.676 515.712 190.231 128.422 184.821 473.541 313.23 156.95 601.141 3165.92 123.095 136.114 212.696 251.46 198.883 197.214 204.809 119.333 331.944 317.44 158.534 277.762 84.7439 315.568 55.6089 312.483 603.19 90.8328 244.457 3497.53 143.015 195.509 80.1969 338.173 106.216 834.615 
120.545 259.112 115.77 224.318 237.486 312.025 336.844 79.8856 186.914 39.9874 235.594 197.072 117.324 109.187 319.157 99.199 84.1943 309.527 87.9886 150.484 196.481 212.544 81.7006 660.252 64.6728 326.406 490.703 636.403 59.3943 203.9 234.615 161.119 259.645 70.8905 116.36 287.037 733.805 198.484 160.621 310.369 47.7578 93.1088 0 90.5168 294.832 234.206 99.2282 354.757 79.1884 133.879 211.368 44.7443 92.0234 1004.55 99.1779 128.531 209.743 485.303 723.682 248.058 124.635 123.584 21.084 569.602 96.2815 547.802 98.1423 188.765 120.348 502.508 237.648 94.2771 675.9 3227.48 153.716 51.6026 127.543 302.979 211.631 129.204 123.322 49.2687 265.354 384.304 192.854 204.942 159.896 367.747 92.5551 361.42 642.348 176.761 159.054 3540.94 66.3908 105.958 160.234 273.535 109.016 901.81 
36.0546 172.631 76.6981 135.559 152.543 225.216 250.88 64.4319 98.3915 87.7792 148.187 284.094 100.746 178.346 232.832 187.918 33.493 393.61 111.038 90.3586 275.022 138.091 164.121 744.199 121.605 414.021 580.771 720.224 103.281 130.999 147.246 84.9986 175.712 154.713 206.745 360.399 824.17 109.484 236.98 222.108 127.178 156.136 90.5168 0 209.712 324.556 122.469 268.445 165.077 220.607 121.524 122.801 135.818 1091.53 12.6721 62.3305 130.591 565.629 805.911 161.36 201.072 103.546 78.6491 649.803 26.2385 638.265 108.14 273.085 30.7909 592.172 157.423 5.91749 756.095 3314.6 242.934 49.1113 70.4634 390.593 301.701 41.3538 58.2461 129.042 178.08 468.169 282.411 122.023 235.712 455.707 177.31 450.233 732.791 246.957 102.932 3631.4 28.6419 112.922 234.818 185.411 195.361 986.253 
195.993 38.3178 196.266 78.9095 57.5141 25.4981 43.8244 264.81 114.078 278.404 63.1937 472.076 218.829 386.958 28.7181 393.605 211.158 601.523 263.454 158.254 484.21 94.2829 355.098 953.526 296.575 621.203 771.059 929.44 311.496 103.228 63.9838 135.634 37.6693 363.067 409.196 568.666 1022.91 103.363 407.681 36.1168 317.704 364.795 294.832 209.712 0 525.165 266.185 61.0783 372.754 428.376 97.5427 318.469 295.368 1299.37 203.781 169.621 89.0649 775.27 1015.5 49.905 375.529 215.9 283.869 859.069 199.3 832.94 248.931 482.1 180.643 784.14 62.627 208.197 965.623 3521.4 447.119 244.972 175.538 596.284 497.031 168.375 175.72 319.536 36.1075 677.543 485.978 90.4814 444.312 661.164 385.795 655.043 930.844 455.408 157.876 3826.91 229.466 247.791 444.174 36.0624 394.532 1195 
352.2 490.826 333.04 457.761 468.414 543.366 567.238 294.665 420.145 251.233 468.201 94.572 319.266 187.208 550.018 140.451 315.126 132.213 272.764 372.009 130.079 437.146 178.761 449.493 233.207 112.863 262.178 427.034 244.738 427.852 467.226 389.572 489.236 176.354 118.273 178.641 499.748 432.158 163.588 542.952 208.007 205.614 234.206 324.556 525.165 0 274.083 585.405 164.551 115.883 445.195 213.018 248.291 779.365 332.442 355.654 437.759 296.713 517.815 479.958 172.536 325.863 248.711 377.323 328.312 314.969 287.663 95.8677 354.116 278.435 465.362 328.131 478.499 3001.16 89.9529 281.98 350.811 100.563 39.9791 362.996 350.115 206.628 497.558 188.359 55.55 435.493 149.999 152.494 156.372 139.795 408.381 166.169 376.858 3307.08 299.638 293.743 152.513 506.321 144.939 686.73 
157.723 237.713 73.3164 214.722 214.23 287.795 308.375 158.255 183.392 72.9932 219.562 211.712 50.5751 200.267 292.923 166.051 90.63 370.64 18.7549 109.868 274.072 172.672 109.99 718.509 46.108 380.724 507.047 694.824 156.129 163.348 218.533 137.081 232.042 156.302 169.96 367.73 762.536 193.472 144.042 291.404 78.8488 189.587 99.2282 122.469 266.185 274.083 0 326.161 159.395 203.638 209.493 94.6628 44.7619 1052.5 130.99 106.624 178.202 553.41 785.255 228.718 111.253 61.2806 102.617 635.768 106.93 570.717 18.0108 259.151 138.983 521.149 203.744 127.984 741.912 3269.72 208.15 86.2722 95.9646 353.957 240.977 137.352 107.268 79.3567 245.935 447.404 242.027 181.593 241.417 415.748 172.705 407.091 670.248 264.925 110.437 3562.42 99.9668 29.2438 245.682 256.378 157.122 956.039 
251.913 95.9101 257.003 134.244 117.415 43.6159 18.4029 321.035 170.895 339.283 120.405 533.004 279.122 445.148 35.8974 453.726 271.478 661.244 324.033 219.021 542.886 154.156 416.116 1012.64 357.074 680.944 831.189 988.617 369.262 163.13 121.371 196.174 96.2861 422.249 469.49 625.904 1083.25 160.021 468.111 51.2644 378.21 422.408 354.757 268.445 61.0783 585.405 326.161 0 432.119 488.026 151.117 379.319 356.075 1359.06 261.759 230.175 150.017 833.331 1074.06 107.117 436.043 276.221 343.859 917.323 258.823 893.199 309.105 541.347 238.684 845 123.041 266.632 1023.52 3581.77 507.542 304.71 236.076 656.677 557.273 227.264 235.448 380.171 90.5216 736.579 546.469 151.266 502.94 721.619 445.185 715.523 991.22 512.719 218.147 3887.17 288.939 308.133 502.218 84.6207 455.368 1254.47 
189.433 336.413 193.377 300.405 315.268 389.024 414.223 130.284 262.59 108.848 312.523 151.423 190.351 59.6923 396.361 32.8235 163.128 234.459 151.54 229.296 122.804 291.598 79.4199 582.322 113.973 249.176 426.105 558.739 82.08 282.887 311.585 239.792 337.4 11.9353 53.45 213.499 661.868 274.388 148.535 386.629 81.072 58.7131 79.1884 165.077 372.754 164.551 159.395 432.119 0 56.8375 286.161 78.5526 140.51 927.004 172.235 207.352 288.647 407.159 645.589 325.142 121.534 196.705 92.4932 492.291 173.638 479.372 164.958 110.682 194.892 438.191 316.444 167.904 597.809 3151.24 84.7557 129.005 206.084 229.298 149.982 205.528 201.012 81.0676 342.286 306.022 122.55 283.353 92.188 293.679 16.9811 287.426 571.193 109.104 237.361 3469.32 143.295 172.641 89.6372 350.048 68.3844 824.643 
244.399 392.216 245.626 356.127 370.973 445.022 470.181 182.254 318.61 157.887 368.269 122.213 239.026 72.9705 452.348 38.6813 218.016 178.292 196.724 282.34 75.9565 345.922 104.334 526.544 158.064 193.539 377.254 502.838 130.935 337.182 367.306 294.984 393.282 67.0599 41.5995 167.05 608.123 330.071 148.994 442.573 126.029 89.9037 133.879 220.607 428.376 115.883 203.638 488.026 56.8375 0 341.9 121.267 178.273 871.223 228.187 262.162 343.494 353.365 590.401 381.037 135.205 244.547 145.585 437.757 229.57 427.936 211.995 56.2059 250.78 386.683 371.464 223.25 543.602 3094.72 38.2508 184.698 260.238 172.722 111.256 261.192 256.584 124.757 398.135 250.711 70.5576 338.558 59.8575 237.076 43.7403 231.265 517.833 81.9307 289.6 3415.04 199.186 217.934 60.4959 405.854 67.4985 768.367 
101.025 59.7245 137.18 19.3217 49.9679 107.881 134.539 170.054 27.2427 201.735 35.9649 400.607 166.348 295.326 116.277 309.42 133.053 513.706 202.8 108.211 393.469 81.2307 280.397 863.596 228.269 535.166 699.098 839.608 219.188 83.2125 35.5378 75.3515 70.6366 275.618 327.706 475.098 944.928 16.511 344.944 102.09 242.591 272.062 211.368 121.524 97.5427 445.195 209.493 151.117 286.161 341.9 0 240.302 233.795 1212.24 113.974 102.962 64.0195 683.082 924.154 49.1067 310.263 164.888 199.417 767.073 118.014 757.949 191.593 393.61 91.3994 711.241 71.5954 118.782 873.011 3435.42 364.321 163.932 114.167 511.843 420.725 82.5712 105.967 244.586 62.0077 587.886 403.784 48.0581 353.594 577.027 298.415 571.727 853.402 362.006 115.883 3751.96 145.594 192.757 352.138 66.6556 314.878 1105.82 
