0 3.50003e-005 2.31467e-005 2.61435e-005 3.12277e-005 4.62217e-005 5.20937e-005 1.5341e-005 1.8355e-005 2.69809e-005 2.94482e-005 7.00617e-005 2.91683e-005 4.32397e-005 4.80394e-005 4.74973e-005 1.4923e-005 9.19102e-005 3.24845e-005 2.36193e-005 6.49964e-005 3.07752e-005 4.35751e-005 0.000169171 3.4872e-005 9.68754e-005 0.000135404 0.000163865 2.63267e-005 2.96102e-005 2.92691e-005 1.99188e-005 3.63864e-005 3.95226e-005 5.2071e-005 8.29727e-005 0.000188672 2.05421e-005 6.02507e-005 4.5018e-005 3.56646e-005 3.79591e-005 2.67233e-005 7.99285e-006 4.34492e-005 7.80781e-005 3.49651e-005 5.58459e-005 4.19948e-005 5.41802e-005 2.23959e-005 3.42672e-005 3.79615e-005 0.000246678 6.24799e-006 1.77419e-005 2.8247e-005 0.000129049 0.000182516 3.24843e-005 5.2327e-005 2.94697e-005 2.39302e-005 0.000147696 1.19469e-005 0.000147842 3.16358e-005 6.52602e-005 6.32678e-006 0.000137837 3.35634e-005 6.8292e-006 0.000171144 0.000739555 5.97539e-005 1.84616e-005 2.03133e-005 9.19282e-005 7.34773e-005 9.15318e-006 1.69093e-005 3.6093e-005 3.58789e-005 0.000108109 6.85133e-005 2.55269e-005 5.62222e-005 0.000106364 4.4486e-005 0.00010531 0.000168511 5.78731e-005 2.65143e-005 0.00081105 1.40195e-005 3.25363e-005 5.57274e-005 3.71328e-005 4.97109e-005 0.000222919 
3.50003e-005 0 3.6807e-005 9.09424e-006 5.20702e-006 1.1809e-005 1.73823e-005 5.02869e-005 1.68433e-005 5.42266e-005 5.58295e-006 9.76413e-005 4.23681e-005 7.75358e-005 1.34161e-005 7.93713e-005 3.90628e-005 0.000125344 5.18516e-005 2.87143e-005 9.91464e-005 1.59511e-005 7.14283e-005 0.000203243 5.87246e-005 0.000129751 0.000163921 0.000197917 6.07425e-005 1.76258e-005 5.78192e-006 2.2787e-005 4.19279e-006 7.23824e-005 8.29774e-005 0.00011774 0.000219367 1.44845e-005 8.39254e-005 1.19275e-005 6.30098e-005 7.25421e-005 5.74419e-005 3.82701e-005 8.49457e-006 0.00010881 5.26978e-005 2.1262e-005 7.45784e-005 8.69492e-005 1.32402e-005 6.30672e-005 5.89788e-005 0.00028007 3.68603e-005 3.02768e-005 1.35822e-005 0.000163587 0.000216905 2.60942e-006 7.65612e-005 4.18589e-005 5.49879e-005 0.000182205 3.62163e-005 0.000177437 4.87834e-005 9.87613e-005 3.17294e-005 0.000166814 9.36196e-006 3.78917e-005 0.000205776 0.000772807 9.13459e-005 4.6437e-005 3.19194e-005 0.00012437 0.000102795 2.91287e-005 3.14546e-005 6.3438e-005 1.99167e-006 0.00014205 0.000100007 1.27769e-005 9.03149e-005 0.000138779 7.74453e-005 0.000137457 0.000198987 9.26171e-005 2.91722e-005 0.000841265 4.28448e-005 4.87358e-005 9.01829e-005 4.51265e-006 7.99027e-005 0.000256848 
2.31467e-005 3.6807e-005 0 3.14361e-005 3.16204e-005 4.81863e-005 5.30227e-005 2.98539e-005 2.47984e-005 2.01924e-005 3.2575e-005 6.12241e-005 6.881e-006 4.90255e-005 4.94426e-005 4.61613e-005 1.02772e-005 9.27143e-005 1.50576e-005 8.70741e-006 6.86853e-005 2.31969e-005 3.58442e-005 0.000170746 2.24756e-005 9.6219e-005 0.000127592 0.000165423 3.473e-005 2.11641e-005 3.23394e-005 1.43895e-005 3.59363e-005 4.12767e-005 4.8734e-005 8.89502e-005 0.000183585 2.68061e-005 4.71619e-005 4.87343e-005 2.78144e-005 4.5259e-005 2.56648e-005 1.7003e-005 4.35097e-005 7.38308e-005 1.62533e-005 5.69743e-005 4.28691e-005 5.44521e-005 3.0411e-005 2.87775e-005 2.24597e-005 0.00024621 1.82846e-005 8.00673e-006 2.38e-005 0.000132693 0.000185106 3.47583e-005 3.97928e-005 8.0824e-006 2.41795e-005 0.000151135 1.23837e-005 0.000141363 1.22628e-005 6.68446e-005 1.76629e-005 0.000130356 2.97761e-005 1.79524e-005 0.000174843 0.00073829 5.72419e-005 1.62137e-005 5.66701e-006 9.03293e-005 6.72373e-005 1.60713e-005 9.73489e-006 2.80887e-005 3.85792e-005 0.000109896 6.55371e-005 2.41874e-005 6.03905e-005 0.000104488 4.58644e-005 0.000102896 0.000163142 6.45228e-005 9.93276e-006 0.000804956 1.56162e-005 1.25401e-005 6.09608e-005 4.08227e-005 4.53918e-005 0.000223875 
2.61435e-005 9.09424e-006 3.14361e-005 0 7.10922e-006 2.01836e-005 2.60246e-005 4.14447e-005 8.57781e-006 4.70605e-005 3.73215e-006 9.1009e-005 3.76103e-005 6.89587e-005 2.19878e-005 7.15679e-005 3.18316e-005 0.000117128 4.63051e-005 2.4199e-005 9.06702e-005 1.56425e-005 6.44668e-005 0.000194885 5.25071e-005 0.000121816 0.000157356 0.000189554 5.21211e-005 1.65153e-005 3.63304e-006 1.73076e-005 1.16294e-005 6.43137e-005 7.54682e-005 0.000108997 0.000212218 5.78399e-006 7.81266e-005 1.92236e-005 5.61308e-005 6.38997e-005 4.97285e-005 3.00516e-005 1.74932e-005 0.00010148 4.76011e-005 2.97601e-005 6.6596e-005 7.89487e-005 4.28336e-006 5.57597e-005 5.32661e-005 0.000272024 2.85424e-005 2.41953e-005 1.19286e-005 0.000155025 0.000208409 6.78169e-006 7.05748e-005 3.71601e-005 4.71053e-005 0.000173618 2.87413e-005 0.000170581 4.36199e-005 9.0564e-005 2.34323e-005 0.000160048 1.22517e-005 2.95395e-005 0.000197164 0.000764793 8.36629e-005 3.90096e-005 2.63901e-005 0.000116498 9.58316e-005 2.10961e-005 2.51893e-005 5.65532e-005 9.7785e-006 0.000133738 9.23891e-005 8.87083e-006 8.18137e-005 0.000130942 6.93576e-005 0.000129725 0.000191887 8.39079e-005 2.54668e-005 0.000834383 3.51075e-005 4.36997e-005 8.16105e-005 1.10916e-005 7.24447e-005 0.000248527 
3.12277e-005 5.20702e-006 3.16204e-005 7.10922e-006 0 1.67559e-005 2.20763e-005 4.637e-005 1.30539e-005 4.92749e-005 3.82487e-006 9.25299e-005 3.71986e-005 7.3225e-005 1.82181e-005 7.45728e-005 3.41549e-005 0.000120725 4.66659e-005 2.35595e-005 9.47206e-005 1.1303e-005 6.63992e-005 0.000198687 5.35708e-005 0.00012499 0.000158783 0.000193363 5.65077e-005 1.2769e-005 3.80869e-006 1.76492e-005 5.47654e-006 6.77434e-005 7.80699e-005 0.000113562 0.000214327 1.10777e-005 7.87521e-005 1.71239e-005 5.79574e-005 6.83066e-005 5.26476e-005 3.38168e-005 1.27501e-005 0.000103841 4.7492e-005 2.60295e-005 6.98909e-005 8.224e-005 1.10772e-005 5.81372e-005 5.38358e-005 0.000275331 3.253e-005 2.51672e-005 8.58911e-006 0.000159209 0.000212452 3.55026e-006 7.138e-005 3.67635e-005 5.02701e-005 0.000177836 3.14403e-005 0.000172343 4.35782e-005 9.41499e-005 2.7421e-005 0.000161702 5.83826e-006 3.35309e-005 0.000201431 0.000768026 8.64868e-005 4.15934e-005 2.67424e-005 0.000119571 9.77433e-005 2.46499e-005 2.64346e-005 5.83822e-005 7.06426e-006 0.000137485 9.5117e-005 7.75767e-006 8.59248e-005 0.000133958 7.2795e-005 0.000132593 0.000193936 8.84248e-005 2.4083e-005 0.000836154 3.81248e-005 4.35708e-005 8.58523e-005 9.49433e-006 7.50015e-005 0.000252258 
4.62217e-005 1.1809e-005 4.81863e-005 2.01836e-005 1.67559e-005 0 5.93969e-006 6.15553e-005 2.82417e-005 6.60034e-005 1.71562e-005 0.000109249 5.34584e-005 8.91024e-005 1.97198e-006 9.11251e-005 5.08133e-005 0.000137087 6.318e-005 3.99328e-005 0.00011077 2.60425e-005 8.31527e-005 0.000214895 7.02025e-005 0.000141437 0.000175355 0.000209582 7.22533e-005 2.79334e-005 1.73831e-005 3.43461e-005 1.24081e-005 8.40331e-005 9.46936e-005 0.000129155 0.000230963 2.5883e-005 9.52471e-005 3.7487e-006 7.46434e-005 8.40214e-005 6.9172e-005 4.99274e-005 5.6526e-006 0.000120457 6.38005e-005 9.66909e-006 8.62417e-005 9.86557e-005 2.39159e-005 7.48544e-005 7.03495e-005 0.000291746 4.83988e-005 4.18701e-005 2.45727e-005 0.000175104 0.00022849 1.42018e-005 8.79541e-005 5.2924e-005 6.67664e-005 0.000193759 4.78894e-005 0.000188958 5.99503e-005 0.00011043 4.32929e-005 0.000178421 1.89929e-005 4.95164e-005 0.000217271 0.000784582 0.000103116 5.80992e-005 4.33551e-005 0.000136157 0.000114361 4.08208e-005 4.29326e-005 7.50945e-005 1.05079e-005 0.000153689 0.000111768 2.4412e-005 0.000101938 0.000150564 8.91322e-005 0.000149225 0.000210582 0.000104046 4.00488e-005 0.000852775 5.45351e-005 5.98863e-005 0.000101718 9.29557e-006 9.17003e-005 0.00026855 
5.20937e-005 1.73823e-005 5.30227e-005 2.60246e-005 2.20763e-005 5.93969e-006 0 6.74263e-005 3.40192e-005 7.12906e-005 2.28689e-005 0.000114218 5.79952e-005 9.48789e-005 4.05867e-006 9.6625e-005 5.62107e-005 0.000142715 6.79045e-005 4.46528e-005 0.000116512 3.03202e-005 8.83135e-005 0.000220593 7.51554e-005 0.000146974 0.000180244 0.000215278 7.80516e-005 3.22774e-005 2.30845e-005 3.94929e-005 1.73049e-005 8.96525e-005 0.000100082 0.000134998 0.000236108 3.16887e-005 9.9883e-005 8.45054e-006 7.98305e-005 8.98317e-005 7.4674e-005 5.56168e-005 9.71531e-006 0.000125749 6.83628e-005 4.07969e-006 9.18279e-005 0.000104233 2.98255e-005 8.01675e-005 7.50631e-005 0.000297308 5.41325e-005 4.70267e-005 2.93521e-005 0.00018089 0.000234245 1.98489e-005 9.27153e-005 5.74233e-005 7.23128e-005 0.000199545 5.33908e-005 0.000193979 6.45759e-005 0.000116079 4.90234e-005 0.000183375 2.33994e-005 5.52407e-005 0.000223076 0.000790098 0.000108553 6.35462e-005 4.83342e-005 0.000141645 0.000119503 4.64783e-005 4.81533e-005 8.02768e-005 1.62727e-005 0.000159376 0.000117172 2.96245e-005 0.000107682 0.000156033 9.4749e-005 0.000154656 0.000215709 0.00010988 4.45117e-005 0.000857716 6.00847e-005 6.44377e-005 0.000107503 1.51703e-005 9.70369e-005 0.00027422 
1.5341e-005 5.02869e-005 2.98539e-005 4.14447e-005 4.637e-005 6.15553e-005 6.74263e-005 0 3.36126e-005 2.16551e-005 4.47253e-005 5.94002e-005 3.36508e-005 2.82562e-005 6.33736e-005 3.46391e-005 1.96907e-005 7.71934e-005 3.20995e-005 3.40495e-005 4.99939e-005 4.45142e-005 3.43705e-005 0.000154099 3.06353e-005 8.25914e-005 0.000123258 0.00014879 1.16199e-005 4.30693e-005 4.45378e-005 3.29338e-005 5.15635e-005 2.62625e-005 3.98806e-005 6.7648e-005 0.000175194 3.58164e-005 5.26808e-005 6.03028e-005 2.82729e-005 2.28437e-005 1.77096e-005 1.42837e-005 5.87049e-005 6.53234e-005 3.5083e-005 7.11692e-005 2.88823e-005 4.04034e-005 3.76987e-005 2.54895e-005 3.49723e-005 0.000231896 1.49118e-005 2.80403e-005 4.25027e-005 0.000113832 0.000167317 4.77784e-005 4.50963e-005 3.42194e-005 1.51398e-005 0.000132439 1.94624e-005 0.000135062 3.30515e-005 5.07728e-005 1.94431e-005 0.000125297 4.82169e-005 1.39204e-005 0.000155875 0.000724672 4.66704e-005 1.69031e-005 2.959e-005 7.77971e-005 6.17678e-005 2.24561e-005 2.68595e-005 2.85768e-005 5.11948e-005 9.31816e-005 5.53115e-005 4.01694e-005 4.12747e-005 9.21724e-005 3.08333e-005 9.1302e-005 0.00015519 4.25829e-005 3.67318e-005 0.000797414 1.49804e-005 3.41631e-005 4.06099e-005 5.2437e-005 3.80186e-005 0.000207849 
1.8355e-005 1.68433e-005 2.47984e-005 8.57781e-006 1.30539e-005 2.82417e-005 3.40192e-005 3.36126e-005 0 3.92933e-005 1.14229e-005 8.32148e-005 3.14214e-005 6.09809e-005 2.99813e-005 6.33168e-005 2.38182e-005 0.000109053 3.92619e-005 1.89992e-005 8.26047e-005 1.60564e-005 5.66704e-005 0.000186685 4.47481e-005 0.000113451 0.000149213 0.000181386 4.41024e-005 1.579e-005 1.12587e-005 1.13683e-005 1.80637e-005 5.59401e-005 6.71761e-005 0.000101079 0.000203904 3.33292e-006 7.08016e-005 2.75025e-005 4.80295e-005 5.58504e-005 4.14365e-005 2.18121e-005 2.52896e-005 9.31407e-005 4.06557e-005 3.78852e-005 5.82128e-005 7.06318e-005 6.03935e-006 4.78993e-005 4.62874e-005 0.000263674 2.01737e-005 1.70249e-005 1.25888e-005 0.000146878 0.000200262 1.42735e-005 6.30145e-005 3.13779e-005 3.90023e-005 0.000165582 2.0424e-005 0.000162339 3.67093e-005 8.22725e-005 1.50858e-005 0.000152106 1.63295e-005 2.13696e-005 0.000189066 0.000756609 7.54581e-005 3.06641e-005 1.95627e-005 0.00010835 8.75642e-005 1.29039e-005 1.74799e-005 4.8505e-005 1.78753e-005 0.000125479 8.41703e-005 9.19283e-006 7.38382e-005 0.000122776 6.10421e-005 0.0001215 0.000183595 7.59192e-005 2.1015e-005 0.000826136 2.67544e-005 3.7216e-005 7.35159e-005 1.94555e-005 6.45328e-005 0.000240398 
2.69809e-005 5.42266e-005 2.01924e-005 4.70605e-005 4.92749e-005 6.60034e-005 7.12906e-005 2.16551e-005 3.92933e-005 0 4.92141e-005 4.42002e-005 1.91912e-005 3.00389e-005 6.74857e-005 2.66238e-005 1.57764e-005 7.27062e-005 1.26864e-005 2.80751e-005 4.87944e-005 4.24867e-005 1.74574e-005 0.000150975 1.12995e-005 7.69989e-005 0.000111161 0.000145597 1.93543e-005 4.0587e-005 4.89735e-005 3.2056e-005 5.41896e-005 2.27089e-005 2.99138e-005 6.92256e-005 0.000165903 4.15178e-005 3.34073e-005 6.58837e-005 1.16059e-005 2.74088e-005 8.86469e-006 1.94595e-005 6.17185e-005 5.5695e-005 1.61816e-005 7.52146e-005 2.41302e-005 3.50015e-005 4.4722e-005 8.89323e-006 1.33946e-005 0.000227024 2.19791e-005 2.47424e-005 4.2293e-005 0.000112864 0.000165242 5.19399e-005 2.59167e-005 1.99435e-005 7.55707e-006 0.000131122 1.9758e-005 0.000124283 1.56926e-005 4.72436e-005 2.56401e-005 0.000113075 4.85246e-005 2.03812e-005 0.000154948 0.000719071 3.78001e-005 1.16792e-005 2.40524e-005 7.07404e-005 5.0054e-005 2.66477e-005 2.46608e-005 1.13211e-005 5.57489e-005 9.01883e-005 4.63251e-005 4.16814e-005 4.05673e-005 8.50455e-005 2.66306e-005 8.36987e-005 0.000145526 4.53705e-005 2.95366e-005 0.000787782 1.44839e-005 1.60497e-005 4.15821e-005 5.76694e-005 2.57764e-005 0.000204087 
2.94482e-005 5.58295e-006 3.2575e-005 3.73215e-006 3.82487e-006 1.71562e-005 2.28689e-005 4.47253e-005 1.14229e-005 4.92141e-005 0 9.29119e-005 3.84666e-005 7.20169e-005 1.88635e-005 7.41294e-005 3.40061e-005 0.000119945 4.75915e-005 2.48342e-005 9.36611e-005 1.41388e-005 6.65267e-005 0.00019781 5.41704e-005 0.000124483 0.000159269 0.000192479 5.52148e-005 1.53892e-005 2.77883e-007 1.83809e-005 8.00518e-006 6.70532e-005 7.78653e-005 0.000112188 0.000214449 8.91303e-006 7.95886e-005 1.66785e-005 5.81584e-005 6.70156e-005 5.22282e-005 3.28511e-005 1.40092e-005 0.000103794 4.86742e-005 2.66923e-005 6.92824e-005 8.16405e-005 7.97296e-006 5.80051e-005 5.46478e-005 0.000274766 3.14334e-005 2.56812e-005 1.08189e-005 0.000158093 0.000211428 3.26215e-006 7.21311e-005 3.79829e-005 4.96911e-005 0.000176693 3.1079e-005 0.000172651 4.47129e-005 9.33828e-005 2.62953e-005 0.000162044 9.39333e-006 3.24285e-005 0.000200266 0.000767502 8.6154e-005 4.13416e-005 2.75937e-005 0.000119105 9.79441e-005 2.3749e-005 2.68274e-005 5.8579e-005 6.65743e-006 0.000136635 9.48461e-005 8.70879e-006 8.48171e-005 0.00013353 7.21021e-005 0.000132256 0.000194088 8.70756e-005 2.57162e-005 0.000836482 3.7614e-005 4.47172e-005 8.46758e-005 8.48193e-006 7.47889e-005 0.000251422 
7.00617e-005 9.76413e-005 6.12241e-005 9.1009e-005 9.25299e-005 0.000109249 0.000114218 5.94002e-005 8.32148e-005 4.42002e-005 9.29119e-005 0 5.68473e-005 4.02032e-005 0.000110582 2.68299e-005 5.94093e-005 4.2611e-005 4.66085e-005 6.96732e-005 3.61112e-005 8.42694e-005 2.67931e-005 0.000115498 3.95748e-005 4.33427e-005 6.80075e-005 0.000110273 4.92185e-005 8.22651e-005 9.2672e-005 7.49803e-005 9.70737e-005 3.58934e-005 2.20605e-005 5.23832e-005 0.000123461 8.55527e-005 1.73435e-005 0.00010949 3.57971e-005 4.39746e-005 4.36882e-005 6.29801e-005 0.000104653 2.09654e-005 4.69338e-005 0.00011816 3.35685e-005 2.7093e-005 8.88094e-005 3.60414e-005 3.97726e-005 0.00018787 6.52041e-005 6.75331e-005 8.49135e-005 8.28867e-005 0.000130851 9.54399e-005 2.24981e-005 5.77745e-005 4.62078e-005 9.95293e-005 6.31307e-005 8.1483e-005 5.02982e-005 3.04664e-005 6.94097e-005 6.92038e-005 9.09465e-005 6.38747e-005 0.000122643 0.000678192 1.90996e-005 5.34008e-005 6.60386e-005 3.57748e-005 1.54438e-005 7.06528e-005 6.712e-005 3.5066e-005 9.92912e-005 5.90728e-005 1.77915e-005 8.4935e-005 3.58831e-005 4.76881e-005 3.25024e-005 4.5596e-005 0.000103028 4.27027e-005 7.02106e-005 0.000744283 5.73715e-005 5.05812e-005 3.84896e-005 0.000101359 2.2057e-005 0.000166752 
2.91683e-005 4.23681e-005 6.881e-006 3.76103e-005 3.71986e-005 5.34584e-005 5.79952e-005 3.36508e-005 3.14214e-005 1.91912e-005 3.84666e-005 5.68473e-005 0 4.91614e-005 5.45893e-005 4.45073e-005 1.51079e-005 9.04485e-005 1.03805e-005 1.3688e-005 6.76415e-005 2.77126e-005 3.25931e-005 0.000168332 1.93641e-005 9.37581e-005 0.000123203 0.000162998 3.6527e-005 2.57308e-005 3.82268e-005 2.06703e-005 4.12392e-005 4.09472e-005 4.64873e-005 8.82289e-005 0.000179624 3.32352e-005 4.18993e-005 5.42507e-005 2.56749e-005 4.60891e-005 2.60092e-005 2.23342e-005 4.85117e-005 7.07771e-005 1.12119e-005 6.18778e-005 4.21985e-005 5.29891e-005 3.68771e-005 2.68566e-005 1.73604e-005 0.000243192 2.40408e-005 1.48541e-005 2.89555e-005 0.00013103 0.000182917 4.04946e-005 3.50542e-005 3.55943e-006 2.49532e-005 0.000149242 1.8257e-005 0.000137222 7.64279e-006 6.53896e-005 2.41143e-005 0.000125774 3.46348e-005 2.3361e-005 0.000172995 0.000734702 5.48004e-005 1.88987e-005 1.23409e-005 8.74783e-005 6.38225e-005 2.27169e-005 1.6413e-005 2.57632e-005 4.42109e-005 0.000107896 6.27794e-005 2.98581e-005 5.96374e-005 0.000101442 4.50827e-005 9.9775e-005 0.000159159 6.44673e-005 1.35851e-005 0.000800434 1.96587e-005 6.47144e-006 6.06084e-005 4.65057e-005 4.26568e-005 0.000221108 
4.32397e-005 7.75358e-005 4.90255e-005 6.89587e-005 7.3225e-005 8.91024e-005 9.48789e-005 2.82562e-005 6.09809e-005 3.00389e-005 7.20169e-005 4.02032e-005 4.91614e-005 0 9.08555e-005 1.52262e-005 4.10401e-005 4.9013e-005 4.17398e-005 5.6032e-005 2.18394e-005 6.92066e-005 2.58879e-005 0.000126162 3.51077e-005 5.5472e-005 9.89032e-005 0.000120786 1.695e-005 6.74883e-005 7.1807e-005 5.76897e-005 7.84463e-005 1.25241e-005 2.1043e-005 4.05278e-005 0.000148583 6.32222e-005 4.19115e-005 8.80722e-005 2.83014e-005 6.12977e-006 2.42053e-005 3.9537e-005 8.57837e-005 4.15017e-005 4.43966e-005 9.86835e-005 1.3233e-005 1.61766e-005 6.54699e-005 2.41131e-005 3.91248e-005 0.00020411 4.10992e-005 5.10907e-005 6.79914e-005 8.62948e-005 0.000139546 7.50599e-005 3.72306e-005 4.98426e-005 2.4859e-005 0.000104688 4.3064e-005 0.000109606 4.49457e-005 2.3747e-005 4.6064e-005 9.97991e-005 7.41035e-005 3.9755e-005 0.000128378 0.000696524 2.30247e-005 3.45933e-005 5.14118e-005 5.03032e-005 4.06671e-005 4.86451e-005 5.00761e-005 2.80138e-005 7.86254e-005 6.53851e-005 3.05107e-005 6.63033e-005 1.3022e-005 6.45369e-005 1.0891e-005 6.40174e-005 0.000128819 1.57983e-005 5.80602e-005 0.000770249 3.63999e-005 4.57895e-005 1.30409e-005 8.0034e-005 2.05594e-005 0.000179757 
4.80394e-005 1.34161e-005 4.94426e-005 2.19878e-005 1.82181e-005 1.97198e-006 4.05867e-006 6.33736e-005 2.99813e-005 6.74857e-005 1.88635e-005 0.000110582 5.45893e-005 9.08555e-005 0 9.27087e-005 5.23381e-005 0.000138751 6.43936e-005 4.11381e-005 0.000112498 2.70307e-005 8.45749e-005 0.000216593 7.1513e-005 0.000143039 0.000176645 0.00021128 7.40173e-005 2.895e-005 1.90845e-005 3.57352e-005 1.36128e-005 8.56784e-005 9.62165e-005 0.000130954 0.00023237 2.76543e-005 9.6433e-005 5.31256e-006 7.60643e-005 8.5792e-005 7.0753e-005 5.16158e-005 6.36643e-006 0.000121932 6.49374e-005 7.958e-006 8.78682e-005 0.00010028 2.57772e-005 7.63508e-005 7.15697e-005 0.000293363 5.01113e-005 4.32683e-005 2.57883e-005 0.000176856 0.000230223 1.58509e-005 8.9187e-005 5.40506e-005 6.83784e-005 0.000195516 4.94642e-005 0.000190307 6.11139e-005 0.000112096 4.50038e-005 0.00017975 2.00188e-005 5.12281e-005 0.000219037 0.000786183 0.000104668 5.96463e-005 4.46684e-005 0.000137742 0.000115762 4.2489e-005 4.43574e-005 7.65148e-005 1.22495e-005 0.000155378 0.000113303 2.58413e-005 0.000103672 0.000152138 9.07779e-005 0.000150776 0.000211981 0.000105835 4.11434e-005 0.000854094 5.61387e-005 6.10286e-005 0.000103471 1.1178e-005 9.32117e-005 0.000270236 
4.74973e-005 7.93713e-005 4.61613e-005 7.15679e-005 7.45728e-005 9.11251e-005 9.6625e-005 3.46391e-005 6.33168e-005 2.66238e-005 7.41294e-005 2.68299e-005 4.45073e-005 1.52262e-005 9.27087e-005 0 4.04872e-005 4.70105e-005 3.51289e-005 5.43593e-005 2.41805e-005 6.86073e-005 1.50337e-005 0.000124706 2.67934e-005 5.06183e-005 8.87658e-005 0.000119409 2.36399e-005 6.66613e-005 7.39086e-005 5.75227e-005 7.9504e-005 9.49134e-006 6.22693e-006 4.48579e-005 0.000141372 6.58152e-005 2.80328e-005 9.07106e-005 1.9739e-005 1.7574e-005 2.19911e-005 4.1659e-005 8.72571e-005 3.11363e-005 3.68113e-005 0.000100585 7.27655e-006 8.57514e-006 6.85944e-005 1.83714e-005 3.10787e-005 0.000200864 4.35242e-005 5.01685e-005 6.82048e-005 8.66316e-005 0.000138981 7.69334e-005 2.35752e-005 4.56777e-005 2.45915e-005 0.000105143 4.33354e-005 0.000100729 3.86035e-005 2.08854e-005 4.83959e-005 9.07849e-005 7.44237e-005 4.23255e-005 0.000128737 0.000693506 1.23013e-005 3.33181e-005 4.9622e-005 4.51975e-005 2.78862e-005 5.04842e-005 4.91199e-005 1.93424e-005 8.07484e-005 6.37395e-005 2.10245e-005 6.72603e-005 1.8211e-005 5.95443e-005 5.84983e-006 5.81833e-005 0.000121189 2.38766e-005 5.588e-005 0.000763659 3.66781e-005 3.97859e-005 1.91157e-005 8.2528e-005 9.0208e-006 0.000178108 
1.4923e-005 3.90628e-005 1.02772e-005 3.18316e-005 3.41549e-005 5.08133e-005 5.62107e-005 1.96907e-005 2.38182e-005 1.57764e-005 3.40061e-005 5.94093e-005 1.51079e-005 4.10401e-005 5.23381e-005 4.04872e-005 0 8.69998e-005 1.77904e-005 1.56414e-005 6.16799e-005 2.85823e-005 3.29387e-005 0.000164975 2.15164e-005 9.09611e-005 0.000125606 0.00015966 2.55431e-005 2.67251e-005 3.37811e-005 1.70985e-005 3.90497e-005 3.41898e-005 4.39448e-005 8.13998e-005 0.000180488 2.62874e-005 4.75443e-005 5.0656e-005 2.436e-005 3.66712e-005 1.86648e-005 7.42498e-006 4.68111e-005 6.98593e-005 2.00915e-005 6.01831e-005 3.61633e-005 4.83314e-005 2.94962e-005 2.43958e-005 2.40871e-005 0.000241291 9.23137e-006 1.0068e-005 2.78349e-005 0.000126065 0.000178996 3.66786e-005 3.96132e-005 1.61442e-005 1.66474e-005 0.000144684 4.46024e-006 0.000138794 1.67133e-005 6.04617e-005 1.10431e-005 0.000128307 3.40205e-005 8.59923e-006 0.000168317 0.000733926 5.23449e-005 8.10596e-006 1.05741e-005 8.55005e-005 6.40948e-005 1.14751e-005 9.58313e-006 2.47534e-005 4.05449e-005 0.00010382 6.09661e-005 2.68393e-005 5.31585e-005 9.98565e-005 3.91006e-005 9.84451e-005 0.00016013 5.64999e-005 1.80747e-005 0.000802573 5.66831e-006 1.78887e-005 5.32993e-005 4.24814e-005 4.11683e-005 0.000218458 
9.19102e-005 0.000125344 9.27143e-005 0.000117128 0.000120725 0.000137087 0.000142715 7.71934e-005 0.000109053 7.27062e-005 0.000119945 4.2611e-005 9.04485e-005 4.9013e-005 0.000138751 4.70105e-005 8.69998e-005 0 8.06815e-005 0.000100778 2.75915e-005 0.000115072 5.81273e-005 7.8604e-005 7.26471e-005 1.54801e-005 6.09524e-005 7.30965e-005 6.56826e-005 0.000113195 0.000119721 0.000104071 0.000125841 5.39817e-005 4.54161e-005 2.11635e-005 0.000102447 0.00011136 5.88034e-005 0.000136347 6.61476e-005 5.4582e-005 6.86182e-005 8.72582e-005 0.00013335 2.93099e-005 8.2166e-005 0.000146589 5.19766e-005 3.95251e-005 0.000113882 6.40202e-005 7.48533e-005 0.000156016 8.90415e-005 9.68405e-005 0.000114542 4.20405e-005 9.28109e-005 0.000122908 6.12265e-005 9.11869e-005 7.0504e-005 5.90347e-005 8.97662e-005 6.75452e-005 8.45215e-005 2.80381e-005 9.40129e-005 5.84838e-005 0.000120783 8.76914e-005 8.3006e-005 0.000647789 3.62335e-005 8.00412e-005 9.63873e-005 1.00498e-005 3.75147e-005 9.63136e-005 9.59352e-005 6.56133e-005 0.000126601 1.99574e-005 2.93981e-005 0.000113413 3.61131e-005 1.79472e-005 4.8631e-005 1.95198e-005 8.35802e-005 3.69942e-005 0.000102189 0.000722221 8.30041e-005 8.50736e-005 3.73846e-005 0.000128188 4.78761e-005 0.000131615 
3.24845e-005 5.18516e-005 1.50576e-005 4.63051e-005 4.66659e-005 6.318e-005 6.79045e-005 3.20995e-005 3.92619e-005 1.26864e-005 4.75915e-005 4.66085e-005 1.03805e-005 4.17398e-005 6.43936e-005 3.51289e-005 1.77904e-005 8.06815e-005 0 2.33679e-005 5.87328e-005 3.77745e-005 2.26585e-005 0.000158283 9.58384e-006 8.36317e-005 0.00011299 0.000152973 3.16265e-005 3.57507e-005 4.73532e-005 2.93842e-005 5.09065e-005 3.27372e-005 3.65927e-005 7.94816e-005 0.000169278 4.14074e-005 3.21182e-005 6.37782e-005 1.62301e-005 3.93821e-005 1.95059e-005 2.46156e-005 5.84043e-005 6.04683e-005 4.15771e-006 7.18339e-005 3.35945e-005 4.36112e-005 4.49582e-005 1.8214e-005 8.02451e-006 0.00023288 2.67511e-005 2.23991e-005 3.87114e-005 0.000121355 0.000172968 4.98137e-005 2.48813e-005 1.21007e-005 1.9625e-005 0.000139532 2.18001e-005 0.000126922 4.42382e-006 5.59525e-005 2.87191e-005 0.0001156 4.45765e-005 2.57802e-005 0.000163213 0.000724413 4.48646e-005 1.6961e-005 2.03261e-005 7.73842e-005 5.3483e-005 2.84562e-005 2.28149e-005 1.61675e-005 5.3628e-005 9.80282e-005 5.26533e-005 3.92023e-005 5.11804e-005 9.12593e-005 3.63967e-005 8.95189e-005 0.000148815 5.64401e-005 2.37458e-005 0.000790253 1.97836e-005 4.98734e-006 5.22877e-005 5.58614e-005 3.29729e-005 0.000210991 
2.36193e-005 2.87143e-005 8.70741e-006 2.4199e-005 2.35595e-005 3.99328e-005 4.46528e-005 3.40495e-005 1.89992e-005 2.80751e-005 2.48342e-005 6.96732e-005 1.3688e-005 5.6032e-005 4.11381e-005 5.43593e-005 1.56414e-005 0.000100778 2.33679e-005 0 7.63228e-005 1.46718e-005 4.42032e-005 0.000178981 3.11754e-005 0.000104654 0.000136209 0.000173629 4.08354e-005 1.27326e-005 2.45933e-005 8.00445e-006 2.77908e-005 4.90755e-005 5.72028e-005 9.63379e-005 0.000192246 2.03585e-005 5.53391e-005 4.0603e-005 3.64215e-005 5.20006e-005 3.33603e-005 2.00313e-005 3.50829e-005 8.24696e-005 2.43563e-005 4.85542e-005 5.08319e-005 6.2591e-005 2.39891e-005 3.68496e-005 3.04351e-005 0.000254716 2.05488e-005 7.12484e-006 1.53798e-005 0.00014067 0.000193239 2.6849e-005 4.82393e-005 1.33473e-005 3.1344e-005 0.000159072 1.57557e-005 0.000150019 2.04478e-005 7.49058e-005 1.76881e-005 0.000138818 2.12907e-005 2.05488e-005 0.000182842 0.000746733 6.56039e-005 2.31448e-005 6.33007e-006 9.86535e-005 7.59312e-005 1.47972e-005 1.04787e-005 3.66828e-005 3.05441e-005 0.000118075 7.39822e-005 1.61844e-005 6.78002e-005 0.000112867 5.37608e-005 0.000111361 0.000171799 7.16692e-005 2.92839e-006 0.000813543 2.11936e-005 2.00239e-005 6.83497e-005 3.28242e-005 5.35749e-005 0.000232124 
6.49964e-005 9.91464e-005 6.86853e-005 9.06702e-005 9.47206e-005 0.00011077 0.000116512 4.99939e-005 8.26047e-005 4.87944e-005 9.36611e-005 3.61112e-005 6.76415e-005 2.18394e-005 0.000112498 2.41805e-005 6.16799e-005 2.75915e-005 5.87328e-005 7.63228e-005 0 9.00738e-005 3.77888e-005 0.00010435 5.08508e-005 3.51243e-005 8.18114e-005 9.89648e-005 3.86708e-005 8.82669e-005 9.34488e-005 7.86635e-005 9.98896e-005 2.86377e-005 2.55229e-005 2.07991e-005 0.000128311 8.49131e-005 4.64279e-005 0.000109823 4.37512e-005 2.72191e-005 4.35574e-005 6.09688e-005 0.000107343 2.88368e-005 6.07583e-005 0.000120351 2.7224e-005 1.68386e-005 8.72271e-005 4.0896e-005 5.43014e-005 0.000182365 6.25665e-005 7.17221e-005 8.91387e-005 6.48014e-005 0.000117851 9.66684e-005 4.5181e-005 6.84325e-005 4.51233e-005 8.31411e-005 6.40033e-005 9.09567e-005 6.23239e-005 8.72554e-006 6.75887e-005 8.18681e-005 9.53187e-005 6.1289e-005 0.000106903 0.000674708 1.91246e-005 5.47433e-005 7.16759e-005 3.03827e-005 3.26741e-005 7.01119e-005 7.06521e-005 4.33468e-005 0.000100289 4.36921e-005 1.98229e-005 8.76642e-005 9.15577e-006 4.39298e-005 2.36127e-005 4.38535e-005 0.000108936 1.02567e-005 7.80942e-005 0.000749217 5.72235e-005 6.31517e-005 9.88342e-006 0.000101756 2.79496e-005 0.000157941 
3.07752e-005 1.59511e-005 2.31969e-005 1.56425e-005 1.1303e-005 2.60425e-005 3.03202e-005 4.45142e-005 1.60564e-005 4.24867e-005 1.41388e-005 8.42694e-005 2.77126e-005 6.92066e-005 2.70307e-005 6.86073e-005 2.85823e-005 0.000115072 3.77745e-005 1.46718e-005 9.00738e-005 0 5.88638e-005 0.000193266 4.55655e-005 0.000118995 0.000150528 0.000187923 5.3162e-005 2.15642e-006 1.39578e-005 1.203e-005 1.41808e-005 6.27398e-005 7.15837e-005 0.000109715 0.000206729 1.55654e-005 6.96114e-005 2.72883e-005 5.08094e-005 6.47647e-005 4.71183e-005 3.06131e-005 2.09013e-005 9.69097e-005 3.82792e-005 3.41745e-005 6.46434e-005 7.66865e-005 1.80078e-005 5.13371e-005 4.48578e-005 0.000269182 3.00715e-005 1.87349e-005 3.85379e-006 0.000154586 0.000207399 1.48425e-005 6.26201e-005 2.71703e-005 4.49708e-005 0.000173081 2.70127e-005 0.000164429 3.45065e-005 8.89215e-005 2.54894e-005 0.000153358 7.07167e-006 3.06995e-005 0.000196811 0.000761365 8.00628e-005 3.62464e-005 1.9274e-005 0.000113175 9.03338e-005 2.22099e-005 2.08461e-005 5.11497e-005 1.79295e-005 0.000132225 8.84984e-005 7.49373e-006 8.14102e-005 0.000127428 6.76129e-005 0.000125929 0.000186284 8.47683e-005 1.42193e-005 0.00082793 3.35408e-005 3.41434e-005 8.1731e-005 2.03653e-005 6.81378e-005 0.000246537 
4.35751e-005 7.14283e-005 3.58442e-005 6.44668e-005 6.63992e-005 8.31527e-005 8.83135e-005 3.43705e-005 5.66704e-005 1.74574e-005 6.65267e-005 2.67931e-005 3.25931e-005 2.58879e-005 8.45749e-005 1.50337e-005 3.29387e-005 5.81273e-005 2.26585e-005 4.42032e-005 3.77888e-005 5.88638e-005 0 0.000135875 1.57642e-005 6.17531e-005 9.40533e-005 0.000130511 2.61529e-005 5.69012e-005 6.62857e-005 4.89641e-005 7.11637e-005 1.82247e-005 1.59631e-005 5.85122e-005 0.000148907 5.89479e-005 1.86995e-005 8.31761e-005 1.13601e-005 2.66108e-005 1.8112e-005 3.63836e-005 7.87207e-005 3.96289e-005 2.43834e-005 9.22476e-005 1.76064e-005 2.31296e-005 6.21605e-005 9.39757e-006 1.69271e-005 0.000210986 3.87294e-005 4.15258e-005 5.90871e-005 9.91852e-005 0.000150534 6.91766e-005 1.26925e-005 3.34532e-005 1.99956e-005 0.000117085 3.67468e-005 0.000107215 2.66854e-005 3.47278e-005 4.28096e-005 9.56438e-005 6.52516e-005 3.72657e-005 0.00014086 0.000702552 2.27676e-005 2.73167e-005 4.03691e-005 5.49193e-005 3.38324e-005 4.40145e-005 4.12376e-005 1.01787e-005 7.3006e-005 7.58465e-005 3.05274e-005 5.87793e-005 3.13232e-005 6.89307e-005 1.87881e-005 6.7419e-005 0.000128505 3.78633e-005 4.51545e-005 0.000770519 3.09928e-005 2.69773e-005 3.32954e-005 7.49859e-005 1.0512e-005 0.000188531 
0.000169171 0.000203243 0.000170746 0.000194885 0.000198687 0.000214895 0.000220593 0.000154099 0.000186685 0.000150975 0.00019781 0.000115498 0.000168332 0.000126162 0.000216593 0.000124706 0.000164975 7.8604e-005 0.000158283 0.000178981 0.00010435 0.000193266 0.000135875 0 0.000149831 7.5326e-005 7.45956e-005 5.89315e-006 0.000142908 0.000191344 0.000197599 0.000182068 0.000203735 0.000131134 0.000122314 8.77821e-005 5.67456e-005 0.000189111 0.000132841 0.000214044 0.000143465 0.000131267 0.000146369 0.000164979 0.000211384 9.96469e-005 0.000159284 0.000224488 0.000129093 0.000116728 0.000191448 0.000142272 0.00015236 7.9566e-005 0.00016653 0.000174809 0.000192724 4.14656e-005 1.59427e-005 0.000200751 0.000136677 0.000169273 0.000148586 2.51732e-005 0.000167484 6.31343e-005 0.000161956 0.000104613 0.000171612 6.96229e-005 0.000198946 0.000165389 1.61285e-005 0.000570989 0.00011359 0.000157651 0.000174325 8.11352e-005 0.000108012 0.000174119 0.000173603 0.000143059 0.000204441 6.13012e-005 0.000105658 0.00019153 0.000113374 6.78945e-005 0.00012599 6.99703e-005 5.33272e-005 0.000111819 0.000180387 0.000650914 0.000160705 0.000162784 0.000113493 0.000205976 0.000125985 5.42475e-005 
3.4872e-005 5.87246e-005 2.24756e-005 5.25071e-005 5.35708e-005 7.02025e-005 7.51554e-005 3.06353e-005 4.47481e-005 1.12995e-005 5.41704e-005 3.95748e-005 1.93641e-005 3.51077e-005 7.1513e-005 2.67934e-005 2.15164e-005 7.26471e-005 9.58384e-006 3.11754e-005 5.08508e-005 4.55655e-005 1.57642e-005 0.000149831 0 7.48679e-005 0.000105256 0.000144594 2.73495e-005 4.34837e-005 5.39446e-005 3.59384e-005 5.79179e-005 2.47631e-005 2.77584e-005 7.15638e-005 0.000161171 4.72506e-005 2.69297e-005 7.05916e-005 7.31024e-006 3.30492e-005 1.43371e-005 2.69582e-005 6.5747e-005 5.1699e-005 1.02215e-005 7.91588e-005 2.52664e-005 3.50407e-005 5.06043e-005 1.26769e-005 9.73363e-006 0.000224367 2.89772e-005 2.84975e-005 4.61339e-005 0.00011281 0.000164506 5.65041e-005 1.85389e-005 2.1397e-005 1.65451e-005 0.000131237 2.51514e-005 0.000118943 1.23266e-005 4.73871e-005 3.22549e-005 0.00010842 5.21164e-005 2.81467e-005 0.000154717 0.000716447 3.64893e-005 1.67656e-005 2.68574e-005 6.92658e-005 4.4827e-005 3.2948e-005 2.78686e-005 7.52283e-006 6.0411e-005 8.94164e-005 4.42421e-005 4.62026e-005 4.38101e-005 8.31368e-005 2.82467e-005 8.12615e-005 0.000140732 4.8906e-005 3.20376e-005 0.000782642 2.09362e-005 1.45647e-005 4.45569e-005 6.25815e-005 2.57724e-005 0.000202779 
9.68754e-005 0.000129751 9.6219e-005 0.000121816 0.00012499 0.000141437 0.000146974 8.25914e-005 0.000113451 7.69989e-005 0.000124483 4.33427e-005 9.37581e-005 5.5472e-005 0.000143039 5.06183e-005 9.09611e-005 1.54801e-005 8.36317e-005 0.000104654 3.51243e-005 0.000118995 6.17531e-005 7.5326e-005 7.48679e-005 0 5.02194e-005 7.03259e-005 7.11736e-005 0.000117 0.000124271 0.000107927 0.000129843 5.75447e-005 4.74889e-005 3.06265e-005 9.3631e-005 0.000116044 6.00662e-005 0.000140947 6.85803e-005 6.03104e-005 7.236e-005 9.17831e-005 0.000137713 2.50203e-005 8.44015e-005 0.000150957 5.52392e-005 4.29051e-005 0.000118639 6.83551e-005 7.81789e-005 0.000150348 9.33935e-005 0.00010053 0.000118706 4.09576e-005 9.0175e-005 0.00012727 6.24725e-005 9.50073e-005 7.509e-005 5.8832e-005 9.35834e-005 5.71203e-005 8.71008e-005 3.18872e-005 9.84311e-005 5.18041e-005 0.000124899 9.2371e-005 8.1121e-005 0.000643541 3.93235e-005 8.34727e-005 9.98361e-005 1.24303e-005 3.38021e-005 0.000100763 9.9227e-005 6.82547e-005 0.000131087 1.72226e-005 3.1254e-005 0.000117781 4.36283e-005 1.46633e-005 5.25146e-005 1.28202e-005 7.43297e-005 4.40292e-005 0.000105996 0.000715138 8.69095e-005 8.82952e-005 4.36804e-005 0.000132825 5.24689e-005 0.000128663 
0.000135404 0.000163921 0.000127592 0.000157356 0.000158783 0.000175355 0.000180244 0.000123258 0.000149213 0.000111161 0.000159269 6.80075e-005 0.000123203 9.89032e-005 0.000176645 8.87658e-005 0.000125606 6.09524e-005 0.00011299 0.000136209 8.18114e-005 0.000150528 9.40533e-005 7.45956e-005 0.000105256 5.02194e-005 0 7.15736e-005 0.000112225 0.000148437 0.000159048 0.000141149 0.000163032 9.70967e-005 8.35335e-005 8.03201e-005 5.81354e-005 0.000151859 8.24762e-005 0.000175732 0.000101249 0.000103447 0.000108783 0.000128749 0.000170934 5.81216e-005 0.000112406 0.000184264 9.4462e-005 8.36324e-005 0.000154981 0.000102896 0.000106792 0.00012954 0.0001306 0.000133671 0.000151345 6.68065e-005 8.99218e-005 0.000161649 8.82415e-005 0.000124583 0.000112013 7.4278e-005 0.000128831 1.56017e-005 0.000116072 7.65774e-005 0.000135146 1.80526e-005 0.000157244 0.000129651 8.80544e-005 0.000616096 7.71216e-005 0.000118709 0.000132084 5.33921e-005 6.19716e-005 0.000136758 0.000132652 0.000100879 0.000165577 5.61141e-005 6.87219e-005 0.000151447 8.86668e-005 4.41707e-005 9.2709e-005 4.15888e-005 3.82447e-005 9.13217e-005 0.000136689 0.00067748 0.000122905 0.000117049 8.95961e-005 0.000167711 8.76578e-005 0.000116261 
0.000163865 0.000197917 0.000165423 0.000189554 0.000193363 0.000209582 0.000215278 0.00014879 0.000181386 0.000145597 0.000192479 0.000110273 0.000162998 0.000120786 0.00021128 0.000119409 0.00015966 7.30965e-005 0.000152973 0.000173629 9.89648e-005 0.000187923 0.000130511 5.89315e-006 0.000144594 7.03259e-005 7.15736e-005 0 0.000137575 0.000186011 0.000192266 0.000176758 0.000198434 0.000125896 0.000117092 8.24684e-005 5.84291e-005 0.000183782 0.000127609 0.000208724 0.000138226 0.000125956 0.000141082 0.000159664 0.000206045 9.46679e-005 0.000154033 0.000219164 0.000123865 0.000111473 0.00018613 0.000136886 0.000147 8.50541e-005 0.000161245 0.000169506 0.000187376 3.65914e-005 2.07958e-005 0.000195433 0.000131464 0.000163888 0.000143233 2.03537e-005 0.000162206 6.09344e-005 0.000156684 9.93645e-005 0.000166314 6.60544e-005 0.000193603 0.000160067 1.79104e-005 0.000576175 0.000108288 0.000152395 0.00016903 7.57674e-005 0.000103071 0.000168801 0.000168351 0.000137798 0.000199115 5.61508e-005 0.000100395 0.000186181 0.000107954 6.26072e-005 0.000120722 6.48445e-005 5.30382e-005 0.000106516 0.000175029 0.000655978 0.000155422 0.000157445 0.000108182 0.000200645 0.00012057 5.92105e-005 
2.63267e-005 6.07425e-005 3.473e-005 5.21211e-005 5.65077e-005 7.22533e-005 7.80516e-005 1.16199e-005 4.41024e-005 1.93543e-005 5.52148e-005 4.92185e-005 3.6527e-005 1.695e-005 7.40173e-005 2.36399e-005 2.55431e-005 6.56826e-005 3.16265e-005 4.08354e-005 3.86708e-005 5.3162e-005 2.61529e-005 0.000142908 2.73495e-005 7.11736e-005 0.000112225 0.000137575 0 5.15167e-005 5.50115e-005 4.14836e-005 6.17109e-005 1.56002e-005 2.92676e-005 5.7061e-005 0.000163785 4.63864e-005 4.47779e-005 7.12122e-005 2.25933e-005 1.18393e-005 1.3167e-005 2.2896e-005 6.90547e-005 5.42553e-005 3.46118e-005 8.18607e-005 1.81961e-005 2.90266e-005 4.85912e-005 1.879e-005 3.20218e-005 0.000220591 2.42938e-005 3.53444e-005 5.16755e-005 0.000102937 0.000156308 5.82447e-005 3.78197e-005 3.72475e-005 1.20294e-005 0.000121507 2.69139e-005 0.000123823 3.38295e-005 3.93316e-005 2.92427e-005 0.000113971 5.76848e-005 2.30197e-005 0.000145066 0.000713284 3.53749e-005 1.99219e-005 3.61143e-005 6.61839e-005 5.12192e-005 3.19538e-005 3.42286e-005 2.26732e-005 6.18005e-005 8.19204e-005 4.39398e-005 4.9785e-005 2.99308e-005 8.05667e-005 1.9613e-005 7.97244e-005 0.000143801 3.1926e-005 4.31724e-005 0.000785931 2.05832e-005 3.49196e-005 2.9502e-005 6.31988e-005 2.76261e-005 0.000196603 
2.96102e-005 1.76258e-005 2.11641e-005 1.65153e-005 1.2769e-005 2.79334e-005 3.22774e-005 4.30693e-005 1.579e-005 4.0587e-005 1.53892e-005 8.22651e-005 2.57308e-005 6.74883e-005 2.895e-005 6.66613e-005 2.67251e-005 0.000113195 3.57507e-005 1.27326e-005 8.82669e-005 2.15642e-006 5.69012e-005 0.000191344 4.34837e-005 0.000117 0.000148437 0.000186011 5.15167e-005 0 1.51991e-005 1.03523e-005 1.58775e-005 6.08342e-005 6.9574e-005 0.000107973 0.000204649 1.57206e-005 6.76255e-005 2.91259e-005 4.8758e-005 6.3063e-005 4.52019e-005 2.90409e-005 2.28842e-005 9.48492e-005 3.62121e-005 3.61639e-005 6.27123e-005 7.47488e-005 1.84471e-005 4.94257e-005 4.29108e-005 0.000267174 2.85567e-005 1.68059e-005 4.75163e-006 0.000152719 0.000205506 1.63153e-005 6.05797e-005 2.53175e-005 4.31466e-005 0.000171239 2.52325e-005 0.00016234 3.24373e-005 8.70086e-005 2.41158e-005 0.000151343 9.0339e-006 2.91933e-005 0.000194949 0.00075939 7.80944e-005 3.43192e-005 1.72275e-005 0.00011123 8.82462e-005 2.08484e-005 1.89087e-005 4.91109e-005 1.95993e-005 0.000130303 8.65104e-005 7.96905e-006 7.96462e-005 0.000125468 6.57098e-005 0.000123941 0.000184205 8.30412e-005 1.23293e-005 0.000825855 3.1728e-005 3.218e-005 7.99523e-005 2.20529e-005 6.62217e-005 0.000244621 
2.92691e-005 5.78192e-006 3.23394e-005 3.63304e-006 3.80869e-006 1.73831e-005 2.30845e-005 4.45378e-005 1.12587e-005 4.89735e-005 2.77883e-007 9.2672e-005 3.82268e-005 7.1807e-005 1.90845e-005 7.39086e-005 3.37811e-005 0.000119721 4.73532e-005 2.45933e-005 9.34488e-005 1.39578e-005 6.62857e-005 0.000197599 5.39446e-005 0.000124271 0.000159048 0.000192266 5.50115e-005 1.51991e-005 0 1.81596e-005 8.14845e-006 6.68466e-005 7.76458e-005 0.000111986 0.00021423 8.73058e-006 7.93457e-005 1.69149e-005 5.79357e-005 6.68152e-005 5.20112e-005 3.26426e-005 1.41844e-005 0.000103578 4.8446e-005 2.69065e-005 6.90744e-005 8.14269e-005 7.87827e-006 5.77659e-005 5.43995e-005 0.000274555 3.12394e-005 2.54573e-005 1.06105e-005 0.000157891 0.000211221 3.48221e-006 7.18958e-005 3.77322e-005 4.94654e-005 0.000176485 3.0871e-005 0.000172431 4.44835e-005 9.31727e-005 2.60991e-005 0.000161807 9.30245e-006 3.22212e-005 0.000200064 0.000767278 8.59288e-005 4.1132e-005 2.73708e-005 0.000118877 9.77272e-005 2.35379e-005 2.66265e-005 5.83528e-005 6.88602e-006 0.000136427 9.4621e-005 8.46593e-006 8.4602e-005 0.000133303 7.18909e-005 0.000132031 0.000193868 8.68765e-005 2.54781e-005 0.000836259 3.74041e-005 4.44739e-005 8.44719e-005 8.71301e-006 7.45499e-005 0.000251204 
