0 3.4999e-005 2.31462e-005 2.61428e-005 3.12267e-005 4.62196e-005 5.2091e-005 1.53407e-005 1.83547e-005 2.69801e-005 2.94474e-005 7.00568e-005 2.91674e-005 4.32378e-005 4.80371e-005 4.7495e-005 1.49228e-005 9.19017e-005 3.24834e-005 2.36187e-005 6.49922e-005 3.07742e-005 4.35732e-005 0.000169142 3.48708e-005 9.68661e-005 0.000135385 0.000163838 2.6326e-005 2.96093e-005 2.92682e-005 1.99184e-005 3.63851e-005 3.9521e-005 5.20683e-005 8.29658e-005 0.000188637 2.05417e-005 6.0247e-005 4.5016e-005 3.56633e-005 3.79577e-005 2.67225e-005 7.99278e-006 4.34473e-005 7.8072e-005 3.49639e-005 5.58428e-005 4.1993e-005 5.41772e-005 2.23954e-005 3.4266e-005 3.79601e-005 0.000246617 6.24795e-006 1.77416e-005 2.82462e-005 0.000129032 0.000182483 3.24833e-005 5.23243e-005 2.94688e-005 2.39296e-005 0.000147674 1.19468e-005 0.000147821 3.16348e-005 6.5256e-005 6.32674e-006 0.000137818 3.35622e-005 6.82915e-006 0.000171115 0.000739008 5.97504e-005 1.84612e-005 2.03129e-005 9.19197e-005 7.34719e-005 9.1531e-006 1.6909e-005 3.60917e-005 3.58776e-005 0.000108097 6.85087e-005 2.55263e-005 5.6219e-005 0.000106353 4.4484e-005 0.000105299 0.000168483 5.78698e-005 2.65136e-005 0.000810392 1.40193e-005 3.25352e-005 5.57243e-005 3.71314e-005 4.97084e-005 0.000222869 
3.4999e-005 0 3.68057e-005 9.09415e-006 5.20699e-006 1.18089e-005 1.7382e-005 5.02843e-005 1.6843e-005 5.42237e-005 5.58292e-006 9.76317e-005 4.23663e-005 7.75298e-005 1.34159e-005 7.9365e-005 3.90613e-005 0.000125328 5.1849e-005 2.87135e-005 9.91365e-005 1.59509e-005 7.14232e-005 0.000203202 5.87211e-005 0.000129735 0.000163894 0.000197877 6.07388e-005 1.76255e-005 5.78189e-006 2.27865e-005 4.19277e-006 7.23771e-005 8.29705e-005 0.000117726 0.000219319 1.44843e-005 8.39184e-005 1.19274e-005 6.30058e-005 7.25368e-005 5.74386e-005 3.82686e-005 8.4945e-006 0.000108798 5.2695e-005 2.12616e-005 7.45728e-005 8.69416e-005 1.324e-005 6.30632e-005 5.89754e-005 0.000279991 3.68589e-005 3.02759e-005 1.3582e-005 0.00016356 0.000216858 2.60941e-006 7.65554e-005 4.18571e-005 5.49849e-005 0.000182172 3.6215e-005 0.000177405 4.8781e-005 9.87515e-005 3.17284e-005 0.000166786 9.36187e-006 3.78902e-005 0.000205733 0.00077221 9.13376e-005 4.64348e-005 3.19184e-005 0.000124354 0.000102784 2.91279e-005 3.14536e-005 6.3434e-005 1.99166e-006 0.000142029 9.99965e-005 1.27767e-005 9.03067e-005 0.000138759 7.74393e-005 0.000137439 0.000198948 9.26086e-005 2.91713e-005 0.000840557 4.2843e-005 4.87334e-005 9.01748e-005 4.51263e-006 7.98963e-005 0.000256782 
2.31462e-005 3.68057e-005 0 3.14351e-005 3.16194e-005 4.8184e-005 5.30199e-005 2.9853e-005 2.47978e-005 2.0192e-005 3.25739e-005 6.12204e-005 6.88095e-006 4.90231e-005 4.94401e-005 4.61592e-005 1.0277e-005 9.27057e-005 1.50574e-005 8.70734e-006 6.86806e-005 2.31963e-005 3.58429e-005 0.000170717 2.24751e-005 9.62097e-005 0.000127575 0.000165396 3.47288e-005 2.11636e-005 3.23384e-005 1.43893e-005 3.59351e-005 4.1275e-005 4.87317e-005 8.89423e-005 0.000183552 2.68054e-005 4.71597e-005 4.8732e-005 2.78136e-005 4.5257e-005 2.56642e-005 1.70027e-005 4.35078e-005 7.38253e-005 1.6253e-005 5.6971e-005 4.28673e-005 5.44491e-005 3.04101e-005 2.87767e-005 2.24592e-005 0.000246149 1.82842e-005 8.00667e-006 2.37995e-005 0.000132675 0.000185072 3.47571e-005 3.97912e-005 8.08233e-006 2.41789e-005 0.000151112 1.23835e-005 0.000141343 1.22627e-005 6.68402e-005 1.76626e-005 0.000130339 2.97752e-005 1.79521e-005 0.000174812 0.000737745 5.72386e-005 1.62134e-005 5.66697e-006 9.03211e-005 6.72328e-005 1.60711e-005 9.7348e-006 2.80879e-005 3.85777e-005 0.000109884 6.55328e-005 2.41868e-005 6.03869e-005 0.000104477 4.58623e-005 0.000102885 0.000163115 6.45186e-005 9.93266e-006 0.000804308 1.56159e-005 1.254e-005 6.09571e-005 4.0821e-005 4.53897e-005 0.000223824 
2.61428e-005 9.09415e-006 3.14351e-005 0 7.10917e-006 2.01832e-005 2.60239e-005 4.1443e-005 8.57773e-006 4.70583e-005 3.73214e-006 9.10007e-005 3.76089e-005 6.89539e-005 2.19873e-005 7.15628e-005 3.18306e-005 0.000117114 4.6303e-005 2.41984e-005 9.0662e-005 1.56423e-005 6.44627e-005 0.000194847 5.25044e-005 0.000121801 0.000157331 0.000189518 5.21184e-005 1.6515e-005 3.63302e-006 1.73073e-005 1.16293e-005 6.43096e-005 7.54625e-005 0.000108985 0.000212173 5.78396e-006 7.81205e-005 1.92232e-005 5.61277e-005 6.38956e-005 4.9726e-005 3.00507e-005 1.74929e-005 0.000101469 4.75989e-005 2.97592e-005 6.65915e-005 7.89425e-005 4.28334e-006 5.57566e-005 5.32633e-005 0.00027195 2.85416e-005 2.41948e-005 1.19284e-005 0.000155001 0.000208366 6.78165e-006 7.05699e-005 3.71587e-005 4.71031e-005 0.000173588 2.87404e-005 0.000170552 4.3618e-005 9.05558e-005 2.34318e-005 0.000160022 1.22515e-005 2.95387e-005 0.000197125 0.000764208 8.36559e-005 3.90081e-005 2.63894e-005 0.000116485 9.58224e-005 2.10957e-005 2.51887e-005 5.655e-005 9.7784e-006 0.00013372 9.23806e-005 8.87075e-006 8.1807e-005 0.000130925 6.93528e-005 0.000129708 0.00019185 8.39008e-005 2.54662e-005 0.000833687 3.51063e-005 4.36978e-005 8.16039e-005 1.10915e-005 7.24394e-005 0.000248465 
3.12267e-005 5.20699e-006 3.16194e-005 7.10917e-006 0 1.67556e-005 2.20758e-005 4.63679e-005 1.30537e-005 4.92725e-005 3.82486e-006 9.25213e-005 3.71972e-005 7.32196e-005 1.82177e-005 7.45673e-005 3.41537e-005 0.00012071 4.66637e-005 2.3559e-005 9.47116e-005 1.13029e-005 6.63948e-005 0.000198648 5.35679e-005 0.000124975 0.000158758 0.000193325 5.65046e-005 1.27688e-005 3.80867e-006 1.76489e-005 5.47651e-006 6.77388e-005 7.80638e-005 0.000113549 0.000214281 1.10776e-005 7.87459e-005 1.71236e-005 5.7954e-005 6.83019e-005 5.26448e-005 3.38157e-005 1.275e-005 0.000103831 4.74897e-005 2.60288e-005 6.9886e-005 8.22332e-005 1.10771e-005 5.81338e-005 5.38329e-005 0.000275256 3.25289e-005 2.51666e-005 8.58904e-006 0.000159184 0.000212407 3.55025e-006 7.13749e-005 3.67622e-005 5.02675e-005 0.000177804 3.14393e-005 0.000172313 4.35763e-005 9.41411e-005 2.74203e-005 0.000161676 5.83823e-006 3.35298e-005 0.000201391 0.000767436 8.64793e-005 4.15917e-005 2.67417e-005 0.000119556 9.77338e-005 2.46492e-005 2.64339e-005 5.83788e-005 7.06421e-006 0.000137466 9.51079e-005 7.75761e-006 8.59175e-005 0.00013394 7.27897e-005 0.000132575 0.000193899 8.8417e-005 2.40824e-005 0.000835455 3.81233e-005 4.35689e-005 8.58449e-005 9.49424e-006 7.49958e-005 0.000252194 
4.62196e-005 1.18089e-005 4.8184e-005 2.01832e-005 1.67556e-005 0 5.93965e-006 6.15515e-005 2.82409e-005 6.5999e-005 1.71559e-005 0.000109237 5.34556e-005 8.90945e-005 1.97198e-006 9.11168e-005 5.08107e-005 0.000137068 6.3176e-005 3.99312e-005 0.000110758 2.60418e-005 8.31458e-005 0.000214849 7.01976e-005 0.000141417 0.000175325 0.000209538 7.22481e-005 2.79326e-005 1.73828e-005 3.43449e-005 1.2408e-005 8.4026e-005 9.46847e-005 0.000129139 0.00023091 2.58824e-005 9.52381e-005 3.74868e-006 7.46378e-005 8.40143e-005 6.91672e-005 4.99249e-005 5.65257e-006 0.000120443 6.37965e-005 9.669e-006 8.62342e-005 9.8646e-005 2.39154e-005 7.48488e-005 7.03446e-005 0.00029166 4.83964e-005 4.18684e-005 2.45721e-005 0.000175073 0.000228437 1.42016e-005 8.79464e-005 5.29212e-005 6.6762e-005 0.000193722 4.78871e-005 0.000188923 5.99467e-005 0.000110418 4.32911e-005 0.000178389 1.89926e-005 4.95139e-005 0.000217224 0.000783967 0.000103105 5.80958e-005 4.33532e-005 0.000136139 0.000114347 4.08191e-005 4.29308e-005 7.50888e-005 1.05077e-005 0.000153665 0.000111755 2.44114e-005 0.000101928 0.000150542 8.91242e-005 0.000149203 0.000210537 0.000104035 4.00472e-005 0.000852048 5.45321e-005 5.98827e-005 0.000101707 9.29549e-006 9.16919e-005 0.000268478 
5.2091e-005 1.7382e-005 5.30199e-005 2.60239e-005 2.20758e-005 5.93965e-006 0 6.74217e-005 3.40181e-005 7.12855e-005 2.28684e-005 0.000114205 5.79919e-005 9.48699e-005 4.05865e-006 9.66157e-005 5.62075e-005 0.000142694 6.78999e-005 4.46508e-005 0.000116498 3.03193e-005 8.83057e-005 0.000220544 7.51497e-005 0.000146952 0.000180211 0.000215231 7.80455e-005 3.22763e-005 2.3084e-005 3.94913e-005 1.73046e-005 8.96444e-005 0.000100072 0.00013498 0.000236052 3.16877e-005 9.9873e-005 8.45047e-006 7.98241e-005 8.98236e-005 7.46684e-005 5.56137e-005 9.71521e-006 0.000125734 6.83581e-005 4.07967e-006 9.18195e-005 0.000104222 2.98247e-005 8.0161e-005 7.50574e-005 0.00029722 5.41296e-005 4.70245e-005 2.93512e-005 0.000180858 0.00023419 1.98486e-005 9.27067e-005 5.742e-005 7.23076e-005 0.000199505 5.3388e-005 0.000193941 6.45717e-005 0.000116066 4.9021e-005 0.000183341 2.33989e-005 5.52377e-005 0.000223026 0.000789473 0.000108541 6.35422e-005 4.83319e-005 0.000141625 0.000119489 4.64762e-005 4.81509e-005 8.02704e-005 1.62725e-005 0.000159351 0.000117158 2.96237e-005 0.00010767 0.000156009 9.474e-005 0.000154632 0.000215662 0.000109868 4.45097e-005 0.00085698 6.00811e-005 6.44336e-005 0.000107492 1.51701e-005 9.70275e-005 0.000274145 
1.53407e-005 5.02843e-005 2.9853e-005 4.1443e-005 4.63679e-005 6.15515e-005 6.74217e-005 0 3.36114e-005 2.16546e-005 4.47233e-005 5.93967e-005 3.36497e-005 2.82554e-005 6.33696e-005 3.46379e-005 1.96903e-005 7.71874e-005 3.20984e-005 3.40483e-005 4.99914e-005 4.45123e-005 3.43693e-005 0.000154075 3.06344e-005 8.25846e-005 0.000123243 0.000148768 1.16197e-005 4.30675e-005 4.45359e-005 3.29327e-005 5.15609e-005 2.62619e-005 3.9879e-005 6.76434e-005 0.000175164 3.58151e-005 5.2678e-005 6.02992e-005 2.82721e-005 2.28432e-005 1.77093e-005 1.42835e-005 5.87015e-005 6.53191e-005 3.50818e-005 7.11642e-005 2.88814e-005 4.04017e-005 3.76973e-005 2.54888e-005 3.4971e-005 0.000231843 1.49115e-005 2.80395e-005 4.25009e-005 0.00011382 0.000167289 4.77762e-005 4.50942e-005 3.42183e-005 1.51396e-005 0.000132422 1.9462e-005 0.000135044 3.30504e-005 5.07702e-005 1.94427e-005 0.000125281 4.82146e-005 1.39203e-005 0.00015585 0.000724147 4.66683e-005 1.69028e-005 2.95891e-005 7.7791e-005 6.1764e-005 2.24556e-005 2.68588e-005 2.8576e-005 5.11922e-005 9.31729e-005 5.53084e-005 4.01677e-005 4.1273e-005 9.2164e-005 3.08324e-005 9.12936e-005 0.000155166 4.25811e-005 3.67305e-005 0.000796778 1.49802e-005 3.4162e-005 4.06083e-005 5.24343e-005 3.80171e-005 0.000207805 
1.83547e-005 1.6843e-005 2.47978e-005 8.57773e-006 1.30537e-005 2.82409e-005 3.40181e-005 3.36114e-005 0 3.92917e-005 1.14227e-005 8.32078e-005 3.14204e-005 6.09772e-005 2.99804e-005 6.33128e-005 2.38176e-005 0.000109042 3.92604e-005 1.89988e-005 8.25979e-005 1.60562e-005 5.66672e-005 0.00018665 4.47461e-005 0.000113438 0.00014919 0.000181353 4.41005e-005 1.57897e-005 1.12586e-005 1.13681e-005 1.80634e-005 5.5937e-005 6.71716e-005 0.000101069 0.000203862 3.33291e-006 7.07966e-005 2.75018e-005 4.80272e-005 5.58472e-005 4.14347e-005 2.18116e-005 2.5289e-005 9.31321e-005 4.06541e-005 3.78838e-005 5.82094e-005 7.06268e-005 6.03931e-006 4.7897e-005 4.62852e-005 0.000263604 2.01733e-005 1.70246e-005 1.25887e-005 0.000146856 0.000200222 1.42733e-005 6.30105e-005 3.13769e-005 3.90008e-005 0.000165554 2.04236e-005 0.000162313 3.6708e-005 8.22657e-005 1.50856e-005 0.000152083 1.63292e-005 2.13691e-005 0.00018903 0.000756036 7.54524e-005 3.06632e-005 1.95623e-005 0.000108338 8.75565e-005 1.29037e-005 1.74796e-005 4.85026e-005 1.7875e-005 0.000125463 8.41632e-005 9.19274e-006 7.38327e-005 0.000122761 6.10383e-005 0.000121485 0.000183561 7.59134e-005 2.10146e-005 0.000825454 2.67537e-005 3.72147e-005 7.35104e-005 1.94551e-005 6.45286e-005 0.000240341 
2.69801e-005 5.42237e-005 2.0192e-005 4.70583e-005 4.92725e-005 6.5999e-005 7.12855e-005 2.16546e-005 3.92917e-005 0 4.92116e-005 4.41982e-005 1.91908e-005 3.0038e-005 6.74811e-005 2.66231e-005 1.57762e-005 7.27009e-005 1.26862e-005 2.80744e-005 4.87921e-005 4.24849e-005 1.74571e-005 0.000150952 1.12994e-005 7.6993e-005 0.000111149 0.000145576 1.93539e-005 4.05854e-005 4.89711e-005 3.2055e-005 5.41867e-005 2.27084e-005 2.99129e-005 6.92208e-005 0.000165875 4.15161e-005 3.34062e-005 6.58794e-005 1.16058e-005 2.74081e-005 8.86461e-006 1.94591e-005 6.17147e-005 5.56919e-005 1.61814e-005 7.52089e-005 2.41296e-005 3.50003e-005 4.472e-005 8.89315e-006 1.33944e-005 0.000226973 2.19786e-005 2.47418e-005 4.22912e-005 0.000112851 0.000165214 5.19372e-005 2.5916e-005 1.99431e-005 7.55701e-006 0.000131105 1.97576e-005 0.000124268 1.56923e-005 4.72414e-005 2.56394e-005 0.000113063 4.85222e-005 2.03808e-005 0.000154924 0.000718554 3.77986e-005 1.16791e-005 2.40519e-005 7.07354e-005 5.00515e-005 2.6647e-005 2.46602e-005 1.13209e-005 5.57458e-005 9.01802e-005 4.6323e-005 4.16797e-005 4.05656e-005 8.50383e-005 2.66299e-005 8.36917e-005 0.000145505 4.53684e-005 2.95357e-005 0.000787161 1.44837e-005 1.60495e-005 4.15804e-005 5.76661e-005 2.57758e-005 0.000204045 
2.94474e-005 5.58292e-006 3.25739e-005 3.73214e-006 3.82486e-006 1.71559e-005 2.28684e-005 4.47233e-005 1.14227e-005 4.92116e-005 0 9.29033e-005 3.84652e-005 7.20117e-005 1.88631e-005 7.41239e-005 3.4005e-005 0.00011993 4.75893e-005 2.48336e-005 9.36523e-005 1.41386e-005 6.65223e-005 0.000197771 5.41674e-005 0.000124468 0.000159244 0.000192442 5.52117e-005 1.53889e-005 2.77882e-007 1.83806e-005 8.00512e-006 6.70488e-005 7.78593e-005 0.000112175 0.000214403 8.91295e-006 7.95822e-005 1.66782e-005 5.8155e-005 6.70111e-005 5.22255e-005 3.28501e-005 1.4009e-005 0.000103783 4.86718e-005 2.66916e-005 6.92776e-005 8.16339e-005 7.9729e-006 5.80018e-005 5.46448e-005 0.000274691 3.14324e-005 2.56806e-005 1.08187e-005 0.000158068 0.000211383 3.26214e-006 7.21259e-005 3.79815e-005 4.96886e-005 0.000176662 3.1078e-005 0.000172621 4.47109e-005 9.33741e-005 2.62946e-005 0.000162018 9.39324e-006 3.24275e-005 0.000200226 0.000766913 8.61466e-005 4.13399e-005 2.75929e-005 0.00011909 9.79345e-005 2.37484e-005 2.68266e-005 5.85756e-005 6.65739e-006 0.000136617 9.48371e-005 8.70872e-006 8.48099e-005 0.000133513 7.20969e-005 0.000132239 0.00019405 8.7068e-005 2.57155e-005 0.000835782 3.76126e-005 4.47152e-005 8.46687e-005 8.48186e-006 7.47833e-005 0.000251359 
7.00568e-005 9.76317e-005 6.12204e-005 9.10007e-005 9.25213e-005 0.000109237 0.000114205 5.93967e-005 8.32078e-005 4.41982e-005 9.29033e-005 0 5.68441e-005 4.02016e-005 0.00011057 2.68292e-005 5.94058e-005 4.26092e-005 4.66063e-005 6.96684e-005 3.61099e-005 8.42623e-005 2.67924e-005 0.000115485 3.95732e-005 4.33408e-005 6.80028e-005 0.000110261 4.92161e-005 8.22584e-005 9.26634e-005 7.49746e-005 9.70642e-005 3.58921e-005 2.206e-005 5.23805e-005 0.000123446 8.55454e-005 1.73432e-005 0.000109478 3.57958e-005 4.39726e-005 4.36863e-005 6.29761e-005 0.000104642 2.0965e-005 4.69316e-005 0.000118146 3.35674e-005 2.70923e-005 8.88015e-005 3.60401e-005 3.9771e-005 0.000187834 6.51998e-005 6.75285e-005 8.49063e-005 8.28798e-005 0.000130834 9.54308e-005 2.24976e-005 5.77712e-005 4.62056e-005 9.95194e-005 6.31267e-005 8.14764e-005 5.02956e-005 3.04655e-005 6.94049e-005 6.9199e-005 9.09383e-005 6.38706e-005 0.000122628 0.000677732 1.90992e-005 5.33979e-005 6.60342e-005 3.57735e-005 1.54435e-005 7.06478e-005 6.71155e-005 3.50648e-005 9.92814e-005 5.90693e-005 1.77912e-005 8.49278e-005 3.58818e-005 4.76858e-005 3.25014e-005 4.55939e-005 0.000103018 4.27009e-005 7.02057e-005 0.000743729 5.73682e-005 5.05787e-005 3.84881e-005 0.000101349 2.20565e-005 0.000166724 
2.91674e-005 4.23663e-005 6.88095e-006 3.76089e-005 3.71972e-005 5.34556e-005 5.79919e-005 3.36497e-005 3.14204e-005 1.91908e-005 3.84652e-005 5.68441e-005 0 4.91589e-005 5.45864e-005 4.45054e-005 1.51077e-005 9.04403e-005 1.03804e-005 1.36878e-005 6.76369e-005 2.77119e-005 3.25921e-005 0.000168304 1.93637e-005 9.37493e-005 0.000123188 0.000162971 3.65256e-005 2.57301e-005 3.82254e-005 2.06698e-005 4.12375e-005 4.09455e-005 4.64851e-005 8.82211e-005 0.000179591 3.32341e-005 4.18976e-005 5.42477e-005 2.56743e-005 4.6087e-005 2.60085e-005 2.23337e-005 4.85093e-005 7.07721e-005 1.12117e-005 6.1874e-005 4.21967e-005 5.29863e-005 3.68758e-005 2.68558e-005 1.73601e-005 0.000243133 2.40403e-005 1.48539e-005 2.89547e-005 0.000131013 0.000182884 4.04929e-005 3.5053e-005 3.55942e-006 2.49526e-005 0.00014922 1.82566e-005 0.000137203 7.64273e-006 6.53854e-005 2.41137e-005 0.000125758 3.46336e-005 2.33605e-005 0.000172965 0.000734162 5.47974e-005 1.88983e-005 1.23408e-005 8.74706e-005 6.38184e-005 2.27164e-005 1.64127e-005 2.57625e-005 4.42089e-005 0.000107885 6.27755e-005 2.98572e-005 5.96339e-005 0.000101431 4.50807e-005 9.97651e-005 0.000159134 6.44632e-005 1.35849e-005 0.000799793 1.96583e-005 6.4714e-006 6.06048e-005 4.65035e-005 4.2655e-005 0.000221059 
4.32378e-005 7.75298e-005 4.90231e-005 6.89539e-005 7.32196e-005 8.90945e-005 9.48699e-005 2.82554e-005 6.09772e-005 3.0038e-005 7.20117e-005 4.02016e-005 4.91589e-005 0 9.08472e-005 1.5226e-005 4.10384e-005 4.90106e-005 4.17381e-005 5.60288e-005 2.18389e-005 6.92018e-005 2.58872e-005 0.000126146 3.51065e-005 5.5469e-005 9.88935e-005 0.000120772 1.69497e-005 6.74837e-005 7.18018e-005 5.76863e-005 7.84402e-005 1.2524e-005 2.10425e-005 4.05262e-005 0.000148561 6.32182e-005 4.19097e-005 8.80644e-005 2.83006e-005 6.12973e-006 2.42047e-005 3.95354e-005 8.57763e-005 4.15e-005 4.43947e-005 9.86738e-005 1.32328e-005 1.61764e-005 6.54657e-005 2.41125e-005 3.91233e-005 0.000204069 4.10975e-005 5.10881e-005 6.79868e-005 8.62874e-005 0.000139526 7.50543e-005 3.72293e-005 4.98401e-005 2.48584e-005 0.000104677 4.30621e-005 0.000109594 4.49437e-005 2.37465e-005 4.60619e-005 9.97891e-005 7.4098e-005 3.97534e-005 0.000128361 0.000696038 2.30242e-005 3.45921e-005 5.14091e-005 5.03006e-005 4.06655e-005 4.86427e-005 5.00736e-005 2.8013e-005 7.86192e-005 6.53808e-005 3.05098e-005 6.62989e-005 1.30218e-005 6.45328e-005 1.08909e-005 6.40133e-005 0.000128803 1.57981e-005 5.80569e-005 0.000769656 3.63986e-005 4.57874e-005 1.30408e-005 8.00276e-005 2.0559e-005 0.000179724 
4.80371e-005 1.34159e-005 4.94401e-005 2.19873e-005 1.82177e-005 1.97198e-006 4.05865e-006 6.33696e-005 2.99804e-005 6.74811e-005 1.88631e-005 0.00011057 5.45864e-005 9.08472e-005 0 9.27001e-005 5.23354e-005 0.000138732 6.43895e-005 4.11364e-005 0.000112486 2.70299e-005 8.45677e-005 0.000216546 7.15079e-005 0.000143018 0.000176613 0.000211235 7.40118e-005 2.89492e-005 1.90841e-005 3.5734e-005 1.36127e-005 8.56711e-005 9.62073e-005 0.000130937 0.000232316 2.76535e-005 9.64237e-005 5.31253e-006 7.60585e-005 8.57847e-005 7.07479e-005 5.16131e-005 6.36639e-006 0.000121917 6.49331e-005 7.95794e-006 8.78605e-005 0.00010027 2.57765e-005 7.6345e-005 7.15646e-005 0.000293277 5.01088e-005 4.32664e-005 2.57877e-005 0.000176825 0.00023017 1.58506e-005 8.91791e-005 5.40476e-005 6.83738e-005 0.000195478 4.94618e-005 0.000190271 6.11102e-005 0.000112083 4.50018e-005 0.000179717 2.00184e-005 5.12254e-005 0.000218989 0.000785565 0.000104658 5.96428e-005 4.46664e-005 0.000137723 0.000115749 4.24871e-005 4.43554e-005 7.65089e-005 1.22494e-005 0.000155353 0.000113291 2.58406e-005 0.000103662 0.000152115 9.07697e-005 0.000150753 0.000211936 0.000105823 4.11417e-005 0.000853365 5.61355e-005 6.10249e-005 0.000103461 1.11779e-005 9.3203e-005 0.000270163 
4.7495e-005 7.9365e-005 4.61592e-005 7.15628e-005 7.45673e-005 9.11168e-005 9.66157e-005 3.46379e-005 6.33128e-005 2.66231e-005 7.41239e-005 2.68292e-005 4.45054e-005 1.5226e-005 9.27001e-005 0 4.04855e-005 4.70083e-005 3.51276e-005 5.43564e-005 2.418e-005 6.86026e-005 1.50335e-005 0.000124691 2.67927e-005 5.06157e-005 8.87579e-005 0.000119395 2.36393e-005 6.66569e-005 7.39032e-005 5.75193e-005 7.94977e-005 9.49125e-006 6.22689e-006 4.48559e-005 0.000141352 6.58108e-005 2.8032e-005 9.07024e-005 1.97386e-005 1.75737e-005 2.19907e-005 4.16573e-005 8.72495e-005 3.11353e-005 3.68099e-005 0.000100575 7.2765e-006 8.57507e-006 6.85897e-005 1.8371e-005 3.10777e-005 0.000200824 4.35223e-005 5.0166e-005 6.82001e-005 8.66241e-005 0.000138962 7.69275e-005 2.35746e-005 4.56756e-005 2.45909e-005 0.000105132 4.33335e-005 0.000100719 3.8602e-005 2.0885e-005 4.83936e-005 9.07766e-005 7.44182e-005 4.23237e-005 0.00012872 0.000693025 1.23012e-005 3.3317e-005 4.96195e-005 4.51954e-005 2.78854e-005 5.04816e-005 4.91175e-005 1.9342e-005 8.07419e-005 6.37355e-005 2.1024e-005 6.72558e-005 1.82107e-005 5.95408e-005 5.8498e-006 5.81799e-005 0.000121174 2.3876e-005 5.58768e-005 0.000763075 3.66767e-005 3.97844e-005 1.91153e-005 8.25212e-005 9.02072e-006 0.000178076 
1.49228e-005 3.90613e-005 1.0277e-005 3.18306e-005 3.41537e-005 5.08107e-005 5.62075e-005 1.96903e-005 2.38176e-005 1.57762e-005 3.4005e-005 5.94058e-005 1.51077e-005 4.10384e-005 5.23354e-005 4.04855e-005 0 8.69922e-005 1.77901e-005 1.56411e-005 6.16761e-005 2.85815e-005 3.29376e-005 0.000164947 2.15159e-005 9.09528e-005 0.00012559 0.000159635 2.55425e-005 2.67244e-005 3.378e-005 1.70982e-005 3.90482e-005 3.41887e-005 4.39429e-005 8.13931e-005 0.000180456 2.62867e-005 4.7542e-005 5.06534e-005 2.43594e-005 3.66699e-005 1.86644e-005 7.42492e-006 4.68089e-005 6.98544e-005 2.00911e-005 6.01795e-005 3.6162e-005 4.83291e-005 2.94954e-005 2.43952e-005 2.40865e-005 0.000241233 9.23128e-006 1.00679e-005 2.78342e-005 0.000126049 0.000178964 3.66772e-005 3.96117e-005 1.61439e-005 1.66471e-005 0.000144664 4.46022e-006 0.000138775 1.6713e-005 6.0458e-005 1.1043e-005 0.00012829 3.40194e-005 8.59916e-006 0.000168289 0.000733387 5.23421e-005 8.1059e-006 1.0574e-005 8.54932e-005 6.40907e-005 1.1475e-005 9.58303e-006 2.47528e-005 4.05432e-005 0.000103809 6.09624e-005 2.68385e-005 5.31557e-005 9.98465e-005 3.90991e-005 9.84354e-005 0.000160104 5.64967e-005 1.80744e-005 0.000801929 5.66828e-006 1.78884e-005 5.32965e-005 4.24796e-005 4.11666e-005 0.000218411 
9.19017e-005 0.000125328 9.27057e-005 0.000117114 0.00012071 0.000137068 0.000142694 7.71874e-005 0.000109042 7.27009e-005 0.00011993 4.26092e-005 9.04403e-005 4.90106e-005 0.000138732 4.70083e-005 8.69922e-005 0 8.0675e-005 0.000100768 2.75907e-005 0.000115059 5.81239e-005 7.85978e-005 7.26418e-005 1.54799e-005 6.09487e-005 7.30912e-005 6.56783e-005 0.000113182 0.000119707 0.000104061 0.000125826 5.39788e-005 4.5414e-005 2.11631e-005 0.000102437 0.000111348 5.87999e-005 0.000136328 6.61433e-005 5.4579e-005 6.86135e-005 8.72506e-005 0.000133332 2.93091e-005 8.21593e-005 0.000146568 5.19739e-005 3.95236e-005 0.000113869 6.40161e-005 7.48477e-005 0.000155992 8.90335e-005 9.68311e-005 0.000114529 4.20387e-005 9.28023e-005 0.000122893 6.12228e-005 9.11786e-005 7.0499e-005 5.90312e-005 8.97581e-005 6.75406e-005 8.45144e-005 2.80373e-005 9.4004e-005 5.84804e-005 0.000120768 8.76837e-005 8.29991e-005 0.000647369 3.62322e-005 8.00348e-005 9.6378e-005 1.00497e-005 3.75133e-005 9.63043e-005 9.5926e-005 6.5609e-005 0.000126585 1.9957e-005 2.93972e-005 0.0001134 3.61118e-005 1.79469e-005 4.86286e-005 1.95194e-005 8.35732e-005 3.69928e-005 0.000102179 0.0007217 8.29972e-005 8.50664e-005 3.73832e-005 0.000128171 4.78739e-005 0.000131597 
3.24834e-005 5.1849e-005 1.50574e-005 4.6303e-005 4.66637e-005 6.3176e-005 6.78999e-005 3.20984e-005 3.92604e-005 1.26862e-005 4.75893e-005 4.66063e-005 1.03804e-005 4.17381e-005 6.43895e-005 3.51276e-005 1.77901e-005 8.0675e-005 0 2.33673e-005 5.87294e-005 3.7773e-005 2.26579e-005 0.000158258 9.58375e-006 8.36247e-005 0.000112977 0.000152949 3.16254e-005 3.57494e-005 4.73509e-005 2.93833e-005 5.09039e-005 3.27361e-005 3.65914e-005 7.94753e-005 0.000169249 4.14057e-005 3.21172e-005 6.37742e-005 1.62299e-005 3.93805e-005 1.95056e-005 2.4615e-005 5.84009e-005 6.04646e-005 4.1577e-006 7.18287e-005 3.35934e-005 4.36093e-005 4.49562e-005 1.82137e-005 8.02444e-006 0.000232825 2.67504e-005 2.23986e-005 3.87099e-005 0.00012134 0.000172938 4.98112e-005 2.48806e-005 1.21006e-005 1.96247e-005 0.000139513 2.17996e-005 0.000126906 4.4238e-006 5.59494e-005 2.87183e-005 0.000115586 4.45745e-005 2.57795e-005 0.000163187 0.000723888 4.48626e-005 1.69608e-005 2.03257e-005 7.73782e-005 5.34802e-005 2.84553e-005 2.28144e-005 1.61672e-005 5.36251e-005 9.80186e-005 5.26506e-005 3.92007e-005 5.11778e-005 9.1251e-005 3.63954e-005 8.95108e-005 0.000148793 5.6437e-005 2.37453e-005 0.000789629 1.97832e-005 4.98731e-006 5.2285e-005 5.58583e-005 3.29719e-005 0.000210947 
2.36187e-005 2.87135e-005 8.70734e-006 2.41984e-005 2.3559e-005 3.99312e-005 4.46508e-005 3.40483e-005 1.89988e-005 2.80744e-005 2.48336e-005 6.96684e-005 1.36878e-005 5.60288e-005 4.11364e-005 5.43564e-005 1.56411e-005 0.000100768 2.33673e-005 0 7.6317e-005 1.46716e-005 4.42013e-005 0.000178949 3.11745e-005 0.000104643 0.00013619 0.000173599 4.08338e-005 1.27324e-005 2.45927e-005 8.00439e-006 2.779e-005 4.9073e-005 5.71995e-005 9.63287e-005 0.000192209 2.03581e-005 5.53361e-005 4.06014e-005 3.64202e-005 5.19979e-005 3.33592e-005 2.00309e-005 3.50817e-005 8.24628e-005 2.43557e-005 4.85518e-005 5.08293e-005 6.25871e-005 2.39885e-005 3.68482e-005 3.04341e-005 0.000254651 2.05484e-005 7.12479e-006 1.53796e-005 0.00014065 0.000193202 2.68483e-005 4.8237e-005 1.33471e-005 3.1343e-005 0.000159046 1.57554e-005 0.000149996 2.04474e-005 7.49002e-005 1.76878e-005 0.000138799 2.12903e-005 2.05484e-005 0.000182808 0.000746176 6.55996e-005 2.31443e-005 6.33003e-006 9.86438e-005 7.59255e-005 1.47969e-005 1.04786e-005 3.66815e-005 3.05431e-005 0.000118061 7.39768e-005 1.61842e-005 6.77956e-005 0.000112855 5.37579e-005 0.000111348 0.00017177 7.1664e-005 2.92838e-006 0.000812881 2.11932e-005 2.00235e-005 6.8345e-005 3.28231e-005 5.3572e-005 0.00023207 
6.49922e-005 9.91365e-005 6.86806e-005 9.0662e-005 9.47116e-005 0.000110758 0.000116498 4.99914e-005 8.25979e-005 4.87921e-005 9.36523e-005 3.61099e-005 6.76369e-005 2.18389e-005 0.000112486 2.418e-005 6.16761e-005 2.75907e-005 5.87294e-005 7.6317e-005 0 9.00657e-005 3.77874e-005 0.000104339 5.08483e-005 3.51231e-005 8.18047e-005 9.8955e-005 3.86693e-005 8.82591e-005 9.344e-005 7.86573e-005 9.98796e-005 2.86369e-005 2.55223e-005 2.07987e-005 0.000128295 8.49059e-005 4.64257e-005 0.000109811 4.37492e-005 2.72184e-005 4.35555e-005 6.09651e-005 0.000107332 2.8836e-005 6.07546e-005 0.000120336 2.72232e-005 1.68383e-005 8.72195e-005 4.08943e-005 5.42984e-005 0.000182332 6.25626e-005 7.17169e-005 8.91307e-005 6.47972e-005 0.000117837 9.66591e-005 4.51789e-005 6.84278e-005 4.51213e-005 8.31342e-005 6.39992e-005 9.09484e-005 6.232e-005 8.72546e-006 6.75841e-005 8.18614e-005 9.53097e-005 6.12852e-005 0.000106892 0.000674252 1.91242e-005 5.47403e-005 7.16708e-005 3.03818e-005 3.26731e-005 7.01069e-005 7.06471e-005 4.33449e-005 0.000100279 4.36902e-005 1.98225e-005 8.76565e-005 9.15569e-006 4.39279e-005 2.36121e-005 4.38516e-005 0.000108924 1.02566e-005 7.80881e-005 0.000748656 5.72202e-005 6.31477e-005 9.88332e-006 0.000101746 2.79488e-005 0.000157916 
3.07742e-005 1.59509e-005 2.31963e-005 1.56423e-005 1.13029e-005 2.60418e-005 3.03193e-005 4.45123e-005 1.60562e-005 4.24849e-005 1.41386e-005 8.42623e-005 2.77119e-005 6.92018e-005 2.70299e-005 6.86026e-005 2.85815e-005 0.000115059 3.7773e-005 1.46716e-005 9.00657e-005 0 5.88604e-005 0.000193229 4.55634e-005 0.000118981 0.000150505 0.000187887 5.31592e-005 2.15642e-006 1.39576e-005 1.20298e-005 1.41805e-005 6.27359e-005 7.15786e-005 0.000109703 0.000206686 1.55652e-005 6.96066e-005 2.72876e-005 5.08068e-005 6.47605e-005 4.71161e-005 3.06121e-005 2.09009e-005 9.69003e-005 3.82778e-005 3.41733e-005 6.46392e-005 7.66806e-005 1.80075e-005 5.13344e-005 4.48558e-005 0.000269109 3.00706e-005 1.87345e-005 3.85378e-006 0.000154562 0.000207356 1.48423e-005 6.26161e-005 2.71696e-005 4.49688e-005 0.000173051 2.7012e-005 0.000164402 3.45053e-005 8.89136e-005 2.54887e-005 0.000153335 7.07162e-006 3.06985e-005 0.000196772 0.000760786 8.00564e-005 3.62451e-005 1.92736e-005 0.000113162 9.03256e-005 2.22094e-005 2.08457e-005 5.11471e-005 1.79292e-005 0.000132208 8.84906e-005 7.49368e-006 8.14036e-005 0.000127412 6.76084e-005 0.000125914 0.00018625 8.47611e-005 1.42191e-005 0.000827245 3.35397e-005 3.41422e-005 8.17243e-005 2.03649e-005 6.81332e-005 0.000246476 
4.35732e-005 7.14232e-005 3.58429e-005 6.44627e-005 6.63948e-005 8.31458e-005 8.83057e-005 3.43693e-005 5.66672e-005 1.74571e-005 6.65223e-005 2.67924e-005 3.25921e-005 2.58872e-005 8.45677e-005 1.50335e-005 3.29376e-005 5.81239e-005 2.26579e-005 4.42013e-005 3.77874e-005 5.88604e-005 0 0.000135857 1.5764e-005 6.17493e-005 9.40445e-005 0.000130494 2.61522e-005 5.6898e-005 6.62814e-005 4.89617e-005 7.11586e-005 1.82244e-005 1.59629e-005 5.85088e-005 0.000148885 5.89445e-005 1.86992e-005 8.31692e-005 1.13599e-005 2.66101e-005 1.81116e-005 3.63822e-005 7.87145e-005 3.96273e-005 2.43828e-005 9.22391e-005 1.76061e-005 2.3129e-005 6.21566e-005 9.39748e-006 1.69268e-005 0.000210942 3.87279e-005 4.1524e-005 5.90836e-005 9.91754e-005 0.000150512 6.91718e-005 1.26924e-005 3.34521e-005 1.99952e-005 0.000117071 3.67455e-005 0.000107203 2.66847e-005 3.47266e-005 4.28078e-005 9.56346e-005 6.52474e-005 3.72643e-005 0.000140841 0.000702058 2.27671e-005 2.73159e-005 4.03675e-005 5.49162e-005 3.38313e-005 4.40125e-005 4.12359e-005 1.01786e-005 7.30007e-005 7.58407e-005 3.05265e-005 5.87759e-005 3.13222e-005 6.8926e-005 1.87878e-005 6.74145e-005 0.000128488 3.78618e-005 4.51524e-005 0.000769925 3.09918e-005 2.69766e-005 3.32943e-005 7.49803e-005 1.05119e-005 0.000188495 
0.000169142 0.000203202 0.000170717 0.000194847 0.000198648 0.000214849 0.000220544 0.000154075 0.00018665 0.000150952 0.000197771 0.000115485 0.000168304 0.000126146 0.000216546 0.000124691 0.000164947 7.85978e-005 0.000158258 0.000178949 0.000104339 0.000193229 0.000135857 0 0.000149808 7.53204e-005 7.45901e-005 5.89312e-006 0.000142887 0.000191308 0.00019756 0.000182035 0.000203694 0.000131116 0.000122299 8.77744e-005 5.67424e-005 0.000189075 0.000132823 0.000213999 0.000143444 0.00013125 0.000146348 0.000164952 0.00021134 9.9637e-005 0.000159259 0.000224438 0.000129077 0.000116714 0.000191411 0.000142252 0.000152337 7.95597e-005 0.000166502 0.000174778 0.000192687 4.14638e-005 1.59424e-005 0.00020071 0.000136659 0.000169244 0.000148564 2.51725e-005 0.000167456 6.31303e-005 0.00016193 0.000104602 0.000171582 6.96181e-005 0.000198907 0.000165362 1.61282e-005 0.000570663 0.000113577 0.000157626 0.000174295 8.11286e-005 0.000108 0.000174089 0.000173573 0.000143038 0.000204399 6.12974e-005 0.000105647 0.000191493 0.000113362 6.78899e-005 0.000125974 6.99654e-005 5.33244e-005 0.000111807 0.000180354 0.00065049 0.000160679 0.000162758 0.00011348 0.000205933 0.000125969 5.42446e-005 
3.48708e-005 5.87211e-005 2.24751e-005 5.25044e-005 5.35679e-005 7.01976e-005 7.51497e-005 3.06344e-005 4.47461e-005 1.12994e-005 5.41674e-005 3.95732e-005 1.93637e-005 3.51065e-005 7.15079e-005 2.67927e-005 2.15159e-005 7.26418e-005 9.58375e-006 3.11745e-005 5.08483e-005 4.55634e-005 1.5764e-005 0.000149808 0 7.48623e-005 0.000105245 0.000144573 2.73487e-005 4.34818e-005 5.39417e-005 3.59371e-005 5.79146e-005 2.47625e-005 2.77577e-005 7.15586e-005 0.000161145 4.72483e-005 2.69289e-005 7.05866e-005 7.31019e-006 3.30481e-005 1.43369e-005 2.69575e-005 6.57426e-005 5.16963e-005 1.02214e-005 7.91525e-005 2.52657e-005 3.50395e-005 5.06017e-005 1.26767e-005 9.73354e-006 0.000224317 2.89764e-005 2.84967e-005 4.61317e-005 0.000112797 0.000164479 5.65009e-005 1.85386e-005 2.13966e-005 1.65449e-005 0.00013122 2.51508e-005 0.000118929 1.23265e-005 4.73849e-005 3.22539e-005 0.000108408 5.21137e-005 2.81459e-005 0.000154693 0.000715934 3.6488e-005 1.67653e-005 2.68567e-005 6.9261e-005 4.4825e-005 3.2947e-005 2.78678e-005 7.52278e-006 6.04073e-005 8.94084e-005 4.42402e-005 4.62005e-005 4.38082e-005 8.31299e-005 2.8246e-005 8.12549e-005 0.000140712 4.89036e-005 3.20366e-005 0.00078203 2.09357e-005 1.45645e-005 4.45549e-005 6.25776e-005 2.57718e-005 0.000202737 
9.68661e-005 0.000129735 9.62097e-005 0.000121801 0.000124975 0.000141417 0.000146952 8.25846e-005 0.000113438 7.6993e-005 0.000124468 4.33408e-005 9.37493e-005 5.5469e-005 0.000143018 5.06157e-005 9.09528e-005 1.54799e-005 8.36247e-005 0.000104643 3.51231e-005 0.000118981 6.17493e-005 7.53204e-005 7.48623e-005 0 5.02169e-005 7.0321e-005 7.11685e-005 0.000116986 0.000124256 0.000107915 0.000129826 5.75414e-005 4.74866e-005 3.06255e-005 9.36223e-005 0.00011603 6.00626e-005 0.000140927 6.85756e-005 6.03067e-005 7.23548e-005 9.17746e-005 0.000137694 2.50197e-005 8.43944e-005 0.000150934 5.52361e-005 4.29033e-005 0.000118625 6.83504e-005 7.81728e-005 0.000150325 9.33847e-005 0.00010052 0.000118692 4.09559e-005 9.01669e-005 0.000127254 6.24686e-005 9.49983e-005 7.50844e-005 5.88286e-005 9.35746e-005 5.71171e-005 8.70932e-005 3.18862e-005 9.84214e-005 5.18014e-005 0.000124883 9.23625e-005 8.11144e-005 0.000643127 3.9322e-005 8.34657e-005 9.98261e-005 1.24302e-005 3.3801e-005 0.000100753 9.92172e-005 6.82501e-005 0.000131069 1.72223e-005 3.12531e-005 0.000117767 4.36264e-005 1.46631e-005 5.25118e-005 1.28201e-005 7.43241e-005 4.40273e-005 0.000105985 0.000714626 8.6902e-005 8.82874e-005 4.36784e-005 0.000132808 5.24662e-005 0.000128646 
0.000135385 0.000163894 0.000127575 0.000157331 0.000158758 0.000175325 0.000180211 0.000123243 0.00014919 0.000111149 0.000159244 6.80028e-005 0.000123188 9.88935e-005 0.000176613 8.87579e-005 0.00012559 6.09487e-005 0.000112977 0.00013619 8.18047e-005 0.000150505 9.40445e-005 7.45901e-005 0.000105245 5.02169e-005 0 7.15685e-005 0.000112213 0.000148415 0.000159023 0.000141129 0.000163005 9.70873e-005 8.35265e-005 8.03137e-005 5.8132e-005 0.000151836 8.24694e-005 0.000175701 0.000101239 0.000103436 0.000108771 0.000128733 0.000170905 5.81182e-005 0.000112393 0.00018423 9.4453e-005 8.36254e-005 0.000154957 0.000102886 0.00010678 0.000129523 0.000130583 0.000133653 0.000151322 6.68021e-005 8.99137e-005 0.000161623 8.82338e-005 0.000124567 0.000112001 7.42725e-005 0.000128815 1.56014e-005 0.000116058 7.65715e-005 0.000135127 1.80523e-005 0.000157219 0.000129634 8.80466e-005 0.000615716 7.71157e-005 0.000118695 0.000132067 5.33892e-005 6.19678e-005 0.00013674 0.000132634 0.000100868 0.000165549 5.61109e-005 6.87172e-005 0.000151424 8.8659e-005 4.41688e-005 9.27004e-005 4.15871e-005 3.82432e-005 9.13133e-005 0.00013667 0.000677021 0.00012289 0.000117035 8.95881e-005 0.000167683 8.76501e-005 0.000116247 
0.000163838 0.000197877 0.000165396 0.000189518 0.000193325 0.000209538 0.000215231 0.000148768 0.000181353 0.000145576 0.000192442 0.000110261 0.000162971 0.000120772 0.000211235 0.000119395 0.000159635 7.30912e-005 0.000152949 0.000173599 9.8955e-005 0.000187887 0.000130494 5.89312e-006 0.000144573 7.0321e-005 7.15685e-005 0 0.000137556 0.000185976 0.000192229 0.000176726 0.000198394 0.00012588 0.000117078 8.24616e-005 5.84257e-005 0.000183748 0.000127593 0.000208681 0.000138207 0.00012594 0.000141062 0.000159639 0.000206003 9.46589e-005 0.00015401 0.000219116 0.00012385 0.00011146 0.000186096 0.000136867 0.000146978 8.50469e-005 0.000161219 0.000169477 0.000187341 3.659e-005 2.07953e-005 0.000195395 0.000131446 0.000163861 0.000143213 2.03533e-005 0.000162179 6.09307e-005 0.00015666 9.93546e-005 0.000166286 6.605e-005 0.000193566 0.000160042 1.79101e-005 0.000575843 0.000108276 0.000152371 0.000169001 7.57616e-005 0.00010306 0.000168772 0.000168323 0.000137779 0.000199076 5.61477e-005 0.000100385 0.000186146 0.000107942 6.26033e-005 0.000120707 6.48402e-005 5.30354e-005 0.000106505 0.000174998 0.000655548 0.000155398 0.00015742 0.00010817 0.000200604 0.000120555 5.9207e-005 
2.6326e-005 6.07388e-005 3.47288e-005 5.21184e-005 5.65046e-005 7.22481e-005 7.80455e-005 1.16197e-005 4.41005e-005 1.93539e-005 5.52117e-005 4.92161e-005 3.65256e-005 1.69497e-005 7.40118e-005 2.36393e-005 2.55425e-005 6.56783e-005 3.16254e-005 4.08338e-005 3.86693e-005 5.31592e-005 2.61522e-005 0.000142887 2.73487e-005 7.11685e-005 0.000112213 0.000137556 0 5.1514e-005 5.50085e-005 4.14819e-005 6.17071e-005 1.55999e-005 2.92668e-005 5.70578e-005 0.000163759 4.63843e-005 4.47759e-005 7.12071e-005 2.25927e-005 1.18392e-005 1.31668e-005 2.28954e-005 6.905e-005 5.42524e-005 3.46106e-005 8.1854e-005 1.81957e-005 2.90257e-005 4.85889e-005 1.87897e-005 3.20208e-005 0.000220542 2.42932e-005 3.53432e-005 5.16728e-005 0.000102926 0.000156283 5.82413e-005 3.78183e-005 3.72461e-005 1.20293e-005 0.000121492 2.69131e-005 0.000123808 3.38283e-005 3.93301e-005 2.92418e-005 0.000113958 5.76815e-005 2.30192e-005 0.000145045 0.000712775 3.53736e-005 1.99215e-005 3.6113e-005 6.61795e-005 5.12166e-005 3.19528e-005 3.42275e-005 2.26727e-005 6.17967e-005 8.19137e-005 4.39379e-005 4.97825e-005 2.99299e-005 8.05602e-005 1.96126e-005 7.97181e-005 0.000143781 3.1925e-005 4.31705e-005 0.000785314 2.05828e-005 3.49183e-005 2.95011e-005 6.31948e-005 2.76253e-005 0.000196564 
2.96093e-005 1.76255e-005 2.11636e-005 1.6515e-005 1.27688e-005 2.79326e-005 3.22763e-005 4.30675e-005 1.57897e-005 4.05854e-005 1.53889e-005 8.22584e-005 2.57301e-005 6.74837e-005 2.89492e-005 6.66569e-005 2.67244e-005 0.000113182 3.57494e-005 1.27324e-005 8.82591e-005 2.15642e-006 5.6898e-005 0.000191308 4.34818e-005 0.000116986 0.000148415 0.000185976 5.1514e-005 0 1.51989e-005 1.03522e-005 1.58772e-005 6.08305e-005 6.95691e-005 0.000107962 0.000204607 1.57203e-005 6.76209e-005 2.9125e-005 4.87556e-005 6.3059e-005 4.51999e-005 2.904e-005 2.28837e-005 9.48402e-005 3.62108e-005 3.61626e-005 6.27084e-005 7.47432e-005 1.84468e-005 4.94233e-005 4.2909e-005 0.000267103 2.85559e-005 1.68057e-005 4.7516e-006 0.000152696 0.000205463 1.6315e-005 6.05761e-005 2.53169e-005 4.31448e-005 0.00017121 2.52318e-005 0.000162314 3.24362e-005 8.70011e-005 2.41153e-005 0.00015132 9.03382e-006 2.91924e-005 0.000194911 0.000758813 7.80883e-005 3.4318e-005 1.72273e-005 0.000111217 8.82384e-005 2.0848e-005 1.89083e-005 4.91085e-005 1.95989e-005 0.000130286 8.6503e-005 7.96898e-006 7.96399e-005 0.000125452 6.57055e-005 0.000123925 0.000184171 8.30343e-005 1.23292e-005 0.000825173 3.1727e-005 3.2179e-005 7.99459e-005 2.20524e-005 6.62173e-005 0.000244561 
2.92682e-005 5.78189e-006 3.23384e-005 3.63302e-006 3.80867e-006 1.73828e-005 2.3084e-005 4.45359e-005 1.12586e-005 4.89711e-005 2.77882e-007 9.26634e-005 3.82254e-005 7.18018e-005 1.90841e-005 7.39032e-005 3.378e-005 0.000119707 4.73509e-005 2.45927e-005 9.344e-005 1.39576e-005 6.62814e-005 0.00019756 5.39417e-005 0.000124256 0.000159023 0.000192229 5.50085e-005 1.51989e-005 0 1.81593e-005 8.14838e-006 6.68422e-005 7.76397e-005 0.000111974 0.000214184 8.73051e-006 7.93394e-005 1.69146e-005 5.79324e-005 6.68107e-005 5.20085e-005 3.26415e-005 1.41842e-005 0.000103567 4.84437e-005 2.69057e-005 6.90697e-005 8.14203e-005 7.87821e-006 5.77626e-005 5.43966e-005 0.00027448 3.12384e-005 2.54567e-005 1.06104e-005 0.000157866 0.000211176 3.4822e-006 7.18906e-005 3.77307e-005 4.9463e-005 0.000176454 3.08701e-005 0.000172401 4.44815e-005 9.3164e-005 2.60985e-005 0.000161781 9.30236e-006 3.22202e-005 0.000200024 0.000766689 8.59214e-005 4.11303e-005 2.73701e-005 0.000118863 9.77176e-005 2.35374e-005 2.66258e-005 5.83494e-005 6.88597e-006 0.000136408 9.46121e-005 8.46586e-006 8.45949e-005 0.000133286 7.18857e-005 0.000132014 0.000193831 8.6869e-005 2.54775e-005 0.00083556 3.74027e-005 4.44719e-005 8.44647e-005 8.71293e-006 7.45444e-005 0.000251141 
